structure(list(meanshape = structure(c(-0.265777959280364, -0.229585846816376, 
-0.212318081041254, -0.180247861893697, -0.101346784736518, -0.0577274224401058, 
0.0838995594405805, 0.0579257536305082, -0.0962962665950909, 
0.122255681509315, 0.124671378726789, 0.119690022163885, 0.129513537378303, 
0.139594602139208, 0.144092437116602, 0.146214089123952, 0.147491477347942, 
0.14726192221591, 0.145395626761397, 0.142617085760302, 0.140544726936915, 
0.138619127719704, 0.134992536259878, 0.129091328385731, 0.121244971583433, 
0.111211479950469, 0.0990929766028979, 0.086702806776658, 0.0747955014434166, 
0.0601622523490798, 0.0360645939026368, 0.0126683831123368, -0.0105331855784316, 
-0.0344092802914489, -0.058096152167661, -0.0810980172250912, 
-0.103502899068498, -0.125713580099672, -0.14821191349549, -0.170940095091263, 
-0.194457911088205, -0.218403677109797, -0.241637162455884, -0.265509761863002, 
-0.0163994993418154, -0.0448406496594214, -0.0684957448728794, 
-0.0422470872332631, -0.0632537333466099, -0.060466158623176, 
-0.124766545296721, 0.0765988030849106, -0.0263641503012917, 
-0.109154296239129, -0.088913555919759, -0.0815053125349549, 
-0.0755091583794944, -0.0694051263997176, -0.0569127409500171, 
-0.0463112818649254, -0.0353117851602579, -0.023868630113542, 
-0.0126195408210667, -0.00219049273316788, 0.00784123066100596, 
0.0180282938858785, 0.0286278796578579, 0.0390453816935291, 0.04882583351363, 
0.0581009166238718, 0.0652172647547401, 0.0699935554547092, 0.0729711900001099, 
0.0769559010134511, 0.0731497525132341, 0.0678268440941853, 0.0635597856928938, 
0.0585406979644055, 0.0523677333594918, 0.0450963219903062, 0.0373463659806269, 
0.0296225709908252, 0.0224863511559172, 0.0156365902375055, 0.0102905349019211, 
0.00806813163312728, 0.00479506867202123, -0.00245750973894539, 
-0.246834039039596, -0.226976162704475, -0.210298245522545, -0.180550711084596, 
-0.110184263859842, -0.0634634114135174, 0.0773648804267638, 
0.0413122608926743, -0.105165804756023, 0.122067021625575, 0.129080899494602, 
0.125854116922335, 0.136366897747226, 0.148436252461504, 0.150554707299433, 
0.151005693217561, 0.148676560077795, 0.146243461429632, 0.143870876622958, 
0.142925952592598, 0.140949863359296, 0.137614724906827, 0.132115565125111, 
0.124569855307746, 0.116659879178874, 0.107738015940763, 0.100248170389686, 
0.0891679629779772, 0.0719921315559825, 0.0646080890148927, 0.0344087102889589, 
0.00913306834326066, -0.0149408974627714, -0.0388287317669925, 
-0.0614176181791111, -0.0832265746690871, -0.104679246523973, 
-0.125907456008016, -0.147991342086573, -0.170483663650303, -0.193338662614182, 
-0.216798200824795, -0.238339807695733, -0.253540777337902, -0.0110856080119675, 
-0.0334701833653765, -0.0680075971723598, -0.0438939189393991, 
-0.0701962806280142, -0.0725832542323356, -0.13502076095533, 
0.079503805789986, -0.0311159943462794, -0.114852029498571, -0.0924080194094034, 
-0.0865553365656636, -0.088293517762989, -0.0739267861782403, 
-0.0562982399704072, -0.0439417798486307, -0.0322379428496131, 
-0.0219895177586748, -0.012409414227367, -0.00256263322264192, 
0.00846170696646287, 0.0197612639886444, 0.0307975463488001, 
0.0397903986955951, 0.0487272967358667, 0.0551275076113119, 0.0616689203274629, 
0.0705848613676554, 0.0778597001080994, 0.0809717814855043, 0.0801767342481295, 
0.0753967600199007, 0.0703750344236765, 0.0634415223627242, 0.0554548555011937, 
0.047195122757602, 0.0387207968760101, 0.0303756400303284, 0.0235234297285294, 
0.0171765834482426, 0.0114982311682285, 0.00956949588131344, 
0.00215765576402389, -0.00746783669202849, -0.261186458951962, 
-0.230707393772348, -0.21190622418159, -0.18090410217341, -0.10465316771757, 
-0.0634456194001199, 0.0836040677777519, 0.0560508657361379, 
-0.103614477536243, 0.122844785634347, 0.128957685539812, 0.123935939178108, 
0.129574181430003, 0.140737069520736, 0.14711805782066, 0.147264762753333, 
0.146708519276407, 0.145484986839687, 0.142950989330111, 0.140310680573251, 
0.138257878073423, 0.136461580484619, 0.132584175320174, 0.126614729572668, 
0.119143336905668, 0.110382780023053, 0.100390822563036, 0.0905909169436255, 
0.0770952733339055, 0.0627818045624925, 0.0357596163413618, 0.0116178342759144, 
-0.0123996231669062, -0.0360690000883873, -0.0586434868307588, 
-0.0804861886242093, -0.101886478926452, -0.123910102224542, 
-0.146342286583652, -0.169149357725125, -0.192927139187673, -0.217018348105397, 
-0.240447962990612, -0.261525921623328, -0.010893616115443, -0.041247334311628, 
-0.0697917559308038, -0.0442858276539646, -0.0687467380149841, 
-0.0694732037242464, -0.124566989384697, 0.0796136254594899, 
-0.0297540853297259, -0.111858217559825, -0.0893003715906719, 
-0.0799729246463692, -0.0765167627089969, -0.0723702305322243, 
-0.0573819668086025, -0.0443504034482575, -0.0338453148900609, 
-0.0230978255129914, -0.0123874475276608, -0.00206597367443365, 
0.00770554714193909, 0.0179443559048921, 0.0283773111398877, 
0.0382962053866434, 0.0470568714352872, 0.0556098436029081, 0.0622704712939387, 
0.0688957663591389, 0.0755905030607129, 0.0819145278961785, 0.0786237895550779, 
0.0728643850928665, 0.0676529475138128, 0.0603545988027004, 0.0526082232277864, 
0.0440151932804546, 0.0354665290548074, 0.0279990052847909, 0.0209763061297553, 
0.0143320356343105, 0.00972766423032526, 0.0101483162667476, 
0.00663262754610615, -0.00276966093497019, -0.265530693440661, 
-0.233132693448714, -0.21475220382699, -0.17997627409636, -0.107170037438371, 
-0.0674115787285659, 0.0999802196496451, 0.0580904917690637, 
-0.0950864211480371, 0.123882524630707, 0.133054006460975, 0.13107933876476, 
0.134566136921482, 0.142205044344217, 0.145273290373113, 0.147499110971487, 
0.14823180000285, 0.146982892563884, 0.144361767780036, 0.141301177576718, 
0.13768729070873, 0.134053613933505, 0.129379689342611, 0.122953277415404, 
0.114241076918406, 0.105028755582645, 0.0953310284914186, 0.0848592955860534, 
0.0736275007821726, 0.0622759154351364, 0.038890240093817, 0.015491944327128, 
-0.00825581447359963, -0.032042721360809, -0.0561682870180392, 
-0.0802193916638077, -0.10322837594564, -0.126123449823791, -0.149329829732451, 
-0.172235212107378, -0.194949647732649, -0.218318102671087, -0.242880223761708, 
-0.263516472007306, -0.0143730223604709, -0.0491463666883248, 
-0.0754920978251494, -0.045357991551323, -0.0551041498022018, 
-0.0560103394791646, -0.118643036001251, 0.0691788862182841, 
-0.0216859192204348, -0.107161768113038, -0.0908560029213838, 
-0.0798181054318462, -0.0736970829077829, -0.0663882120739151, 
-0.0545247634356059, -0.043995498307456, -0.0325448315473965, 
-0.0210238930707415, -0.0103392190912109, -8.14934891244781e-05, 
0.00970785606261684, 0.0197278879583564, 0.028927485810048, 0.0379914255748499, 
0.0455921400982245, 0.0517497668798858, 0.0573831696070153, 0.0619293849175571, 
0.0657312830732248, 0.070185136962901, 0.0661975769043164, 0.0627367703717703, 
0.0596258157056811, 0.0561025117139579, 0.0523821773792387, 0.0467338052366827, 
0.0402140622972342, 0.0342476870851876, 0.0282527303935182, 0.0214552216055407, 
0.0151063812336548, 0.0113339834812528, 0.0082360176824667, -0.00448537093564427, 
-0.265213945279459, -0.242147122447574, -0.227830984160108, -0.192920671956897, 
-0.117140913504482, -0.0745935750525224, 0.0928236570717857, 
0.0908816864732049, -0.114676367267891, 0.121120506682857, 0.12564548992256, 
0.121754752865577, 0.120022308134393, 0.127876471235173, 0.128803924444382, 
0.133802415205296, 0.137248501334307, 0.136007338803636, 0.133560621308036, 
0.132639801881839, 0.132426635131034, 0.131755177024653, 0.130874071991427, 
0.128586503984191, 0.127876771501495, 0.126918401669446, 0.118808101363518, 
0.102498742951828, 0.0822282796037502, 0.0671436737926267, 0.0435860579438467, 
0.0182652850931606, -0.00571558418321173, -0.0287046359078032, 
-0.0514085081510657, -0.0740394720515619, -0.0966544486151783, 
-0.119280428147991, -0.142124960595257, -0.165309863019335, -0.189208308548156, 
-0.213218720347204, -0.236056455847065, -0.256910212331259, -0.0178088796376075, 
-0.0611232155623688, -0.0854139835903858, -0.0544111506619572, 
-0.0649135713049122, -0.0629599795791049, -0.114565047180773, 
0.0835715518713961, -0.0230785183152331, -0.100280288554816, 
-0.0884620867523855, -0.0833331062090803, -0.0686076841639754, 
-0.0585775567503226, -0.0507338126339128, -0.03925738757203, 
-0.0316110545065984, -0.0249667772420417, -0.0145244860597372, 
-0.00288686867170906, 0.00730912616770392, 0.0165882661035502, 
0.024899886523047, 0.0323718833950522, 0.0385380063522008, 0.0500621610916556, 
0.0659121471658839, 0.0791149380530438, 0.0839991076496556, 0.0795381313082939, 
0.0765234106746006, 0.0723667351921888, 0.0652048207054644, 0.0584032798814462, 
0.050986163453252, 0.0437244946036908, 0.036357548982199, 0.0290203318423798, 
0.0220190141318824, 0.015445520634277, 0.00997608577286485, 0.00725585536182395, 
0.00212949736072796, -0.00380250932932918, -0.257204983742396, 
-0.231315912438122, -0.217040745521906, -0.183480700470199, -0.109882287308804, 
-0.067335271176743, 0.0768713043006409, 0.0559345351594916, -0.0963618356840117, 
0.119623743323162, 0.119362520604537, 0.122764703176214, 0.134945743606572, 
0.141416776114031, 0.145098364364111, 0.146081602616718, 0.146111054506757, 
0.145830315159078, 0.144036541258176, 0.142810802960023, 0.143067420770066, 
0.140151400318198, 0.135371528428922, 0.127540458440014, 0.119227129341764, 
0.11028580395232, 0.0986714342691888, 0.0884251090223665, 0.0775502413530236, 
0.065388007630959, 0.0410118283234776, 0.0150126214788247, -0.0129744256433064, 
-0.0390155922236481, -0.061869291933806, -0.0839275768329416, 
-0.10461550499047, -0.125220723251119, -0.14616398694784, -0.167924515347744, 
-0.191017937199295, -0.21543722042077, -0.237628657494867, -0.254173821850647, 
-0.0201038054126425, -0.0434195318869377, -0.0650072025204933, 
-0.0420604519266572, -0.0638986973872183, -0.064855031409469, 
-0.129651082595304, 0.0792572079791331, -0.0267842320335684, 
-0.107254294875861, -0.0896809537129159, -0.081540187904891, 
-0.0851938380646876, -0.069476557375566, -0.0577318879760678, 
-0.0464972663486458, -0.0358828154322344, -0.0248664998056917, 
-0.0142526015269191, -0.00461691283150038, 0.00644405393935626, 
0.0183406689379062, 0.0297353674534989, 0.0399531768540907, 0.0477510525134737, 
0.0561406666725554, 0.0628437764963217, 0.0672703413476142, 0.0723437820944144, 
0.0782912933363136, 0.0799898461114636, 0.0792196863623702, 0.0767253645804682, 
0.0682418053819517, 0.0598152573777697, 0.0502674374925735, 0.0400656657262011, 
0.0305415140876669, 0.0212494559683443, 0.0127035554717783, 0.00497513194660394, 
0.00108256393706128, -0.00138391994718549, -0.00909090109447431, 
-0.263733747054288, -0.242326669908876, -0.222394680484844, -0.186652199745049, 
-0.111550148859909, -0.0801011297105939, 0.084470733973763, 0.0758872564714304, 
-0.107615897860298, 0.11256917923197, 0.111939771145183, 0.120937019202264, 
0.131703798835207, 0.136519929129875, 0.138039753291109, 0.140361990747514, 
0.140967200833499, 0.140325120846071, 0.139345485420971, 0.140383157725596, 
0.141700409000841, 0.142458657660122, 0.140072288290497, 0.134235140189902, 
0.126242496283555, 0.116289308958809, 0.106295845774019, 0.093948955149223, 
0.0807034769873492, 0.0652403386395865, 0.0393365998896076, 0.0151160739359872, 
-0.00672751748900631, -0.0301392282131686, -0.053700286100123, 
-0.0767716129233086, -0.099760486969183, -0.12266957726079, -0.145365125286541, 
-0.168212755863387, -0.191385136894947, -0.214893831062786, -0.236838227010226, 
-0.254251728916628, -0.0222136318144478, -0.0609796169270523, 
-0.0864414862224222, -0.0472073868011609, -0.0507454690033148, 
-0.050359872712693, -0.121820358342021, 0.0773596065145635, -0.0145248713830151, 
-0.09521577678313, -0.0863792110016497, -0.0728519872057957, 
-0.0739327404089992, -0.0655435834906704, -0.0558390065134802, 
-0.0461251588349716, -0.0360538896927936, -0.0257265930941638, 
-0.0149359291319541, -0.00460302353781694, 0.00492712714262288, 
0.0154678949794442, 0.0273418683433014, 0.0386603933914806, 0.0494476523308173, 
0.057812160368967, 0.0654446389263953, 0.0722020713160142, 0.0767309070554016, 
0.0767548811698651, 0.0735901408318323, 0.0664430121634982, 0.0602187849465215, 
0.0562384158878758, 0.0500380696002985, 0.0439713738599527, 0.0375758048600141, 
0.0309721415598807, 0.0239336959190461, 0.0172625963173069, 0.0109983386511743, 
0.00660173082116439, 0.000804126621501436, -0.00929784067738779, 
-0.260226062779394, -0.231821641049365, -0.216046433799426, -0.183110661943089, 
-0.11092304255829, -0.0687723389397108, 0.0946855072243081, 0.0628560881225668, 
-0.0961802109957758, 0.121879549221864, 0.131869261546057, 0.130177174341453, 
0.131378772192023, 0.140383270386666, 0.143208436995031, 0.145515116254233, 
0.146456281071277, 0.145414828331215, 0.142678799757992, 0.138668627307922, 
0.134266269036483, 0.131237775893941, 0.127884159110607, 0.123032388693781, 
0.116612289459329, 0.108667007284478, 0.100723538975882, 0.0901662877764885, 
0.0761956168706334, 0.0664792281839331, 0.0413595292159799, 0.0155635558087857, 
-0.00980258842486568, -0.0343479504126133, -0.0579718641140776, 
-0.0810431393045952, -0.103827183778592, -0.126397969679309, 
-0.148961309599228, -0.171417232329795, -0.193627107153844, -0.216844743378598, 
-0.239477146665748, -0.256560732156616, -0.0209572231201909, 
-0.0491679587858495, -0.0750683389270129, -0.0482127884633598, 
-0.0668727234307808, -0.0634228879157241, -0.120161946926663, 
0.0729366360038735, -0.031308980924473, -0.107555430309014, -0.0922210548570982, 
-0.0798098184137622, -0.0728237879334126, -0.0674105655491012, 
-0.0550312597832627, -0.0447989209049326, -0.0338279688042273, 
-0.022628268999922, -0.0118276742957603, -0.00196770726863716, 
0.00729700492219949, 0.0169152105297383, 0.0259562567964046, 
0.0346970380930496, 0.0434222588769762, 0.0507139886953821, 0.0581491622037331, 
0.0658579674065294, 0.0718928704993622, 0.0738512075699932, 0.0749134516788829, 
0.0732261153751752, 0.0697044328550043, 0.0641896218900542, 0.0579686216618142, 
0.0512801462625558, 0.0442740699177118, 0.0369489781595369, 0.0296073166866149, 
0.0219224907481842, 0.0143106696085901, 0.00936349059447896, 
0.00326705013108808, -0.00759075155374854, -0.259291593196711, 
-0.231119381115958, -0.214399758193955, -0.181033318706864, -0.112858476242165, 
-0.0799444291803049, 0.0803482719688645, 0.0609443336910971, 
-0.109093126748457, 0.12045404775097, 0.123251525715467, 0.124034864087272, 
0.134284422481764, 0.140513879288711, 0.142895767355376, 0.144784557127681, 
0.145980058040521, 0.145495187879657, 0.143560288887688, 0.143153516592859, 
0.14332395784611, 0.141690149348309, 0.137973290725953, 0.132210346396918, 
0.122878091902886, 0.111367899083678, 0.0998551053605002, 0.0869414987008661, 
0.0740649654878041, 0.0600724189108844, 0.0368373952607292, 0.0137228968416839, 
-0.00930255380486066, -0.0324202656664141, -0.0558317023602253, 
-0.0790632250280529, -0.101639980615472, -0.123935667007721, 
-0.146495370631573, -0.169354167183738, -0.192660731339627, -0.215828941714651, 
-0.238318164048326, -0.258047883949176, -0.0208492209257829, 
-0.0493478843788335, -0.0693146756537306, -0.04368802641787, 
-0.057602573185048, -0.0562379936666449, -0.123397280844728, 
0.075790230824459, -0.0209603125872276, -0.108101170514482, -0.0893167050705162, 
-0.0811403958318064, -0.0789093975077554, -0.0670793334041568, 
-0.0561213980386857, -0.0459857705289866, -0.0350864425302916, 
-0.0237697797881654, -0.0134583049409123, -0.0038454787144533, 
0.00691110019028278, 0.0184761858019949, 0.0295551723499314, 
0.040877458056624, 0.0521077618180455, 0.0602575303135409, 0.066716093019093, 
0.071561398610651, 0.0739822488362586, 0.0762225737572046, 0.071112989174186, 
0.0662730510666473, 0.0608849347875215, 0.0559125918884004, 0.0506232490213092, 
0.0443121463483411, 0.03703438119539, 0.0297595204873699, 0.0230913666871188, 
0.0169067974912993, 0.012120701269894, 0.00737177041217797, 0.0015101572074132, 
-0.00515926608507762, -0.2625154784776, -0.23178395299307, -0.209022804863353, 
-0.176724104810056, -0.0951585224700732, -0.0608131207055469, 
0.0902005369138951, 0.0590761156526476, -0.117928389440688, 0.125074075968413, 
0.132158574262054, 0.127378125344364, 0.131157830316487, 0.14123288394278, 
0.143589735516994, 0.14566210149287, 0.145482244967129, 0.144612389901788, 
0.141612305857005, 0.137821005568807, 0.135078110540215, 0.130938188900312, 
0.129148514470787, 0.125174905048325, 0.119602765989608, 0.111183671888833, 
0.101148919948267, 0.0892045113685456, 0.0756156492851643, 0.0654616463821812, 
0.0388741913392778, 0.0128536468782612, -0.0114415707520005, 
-0.034942596050559, -0.0584842795825374, -0.0813438757905109, 
-0.103177058569086, -0.12522721555177, -0.14764218599504, -0.170389333931837, 
-0.193350671278497, -0.217058665441258, -0.2407516274796, -0.261587193561928, 
-0.00967147915571765, -0.044010577178083, -0.074979178864292, 
-0.0482335741909447, -0.0719426345395333, -0.0712160113672878, 
-0.124702210732516, 0.0768889706011962, -0.0253973597095775, 
-0.112667102493464, -0.0902104110122719, -0.0812148035540884, 
-0.0742899283875349, -0.0684344921223105, -0.0552689904599921, 
-0.0447554405168183, -0.0337906356894252, -0.0229458558281874, 
-0.0123630628871822, -0.00270960903831094, 0.00708901099137153, 
0.0170840312305726, 0.0257692683479854, 0.0350443565183464, 0.0448271246415876, 
0.0542758380699774, 0.0621944994711853, 0.069463621955063, 0.0734930865677193, 
0.0779707232407647, 0.0778454910135202, 0.0735486111507975, 0.0683814795616949, 
0.0622446056381732, 0.0559263680514409, 0.0478523618973534, 0.039602994339079, 
0.0321517087298508, 0.0251005469003172, 0.0185937827495779, 0.0127430750311347, 
0.00971894999612841, 0.00469235544939497, -0.00369950441669529, 
-0.269411182751844, -0.233354037435427, -0.219068637774965, -0.188820824110903, 
-0.114306422357873, -0.0708865139713074, 0.0815379267039475, 
0.0743590720637281, -0.117551183246818, 0.118127609154912, 0.116277357239033, 
0.121198981792304, 0.132834261081886, 0.136715839430391, 0.139561495440707, 
0.141997713273236, 0.143012095223549, 0.14364672125954, 0.141186528834188, 
0.138070728301148, 0.136815994181096, 0.136247296070954, 0.135148104616042, 
0.132672496692193, 0.125709040876891, 0.117680972462747, 0.108723842089464, 
0.0970742862702031, 0.0792541899785509, 0.0647403012670898, 0.0401283143530973, 
0.0132352419372325, -0.0102343104375791, -0.0312201412003867, 
-0.053074427215879, -0.0758047652543931, -0.0987708049845184, 
-0.121380837210971, -0.144028631982517, -0.166987777666264, -0.190513430469524, 
-0.214603219165522, -0.237694739720929, -0.25824452363651, -0.0179849704371927, 
-0.0490211956642189, -0.0754800800492837, -0.0392983530982945, 
-0.0574228606389464, -0.0593469876412469, -0.117437812219495, 
0.0799420741871513, -0.0206516335731497, -0.101763766506927, 
-0.0882023793499628, -0.0736163474964368, -0.0758994196662082, 
-0.0645462068326687, -0.0552088370706122, -0.0452869648294002, 
-0.0349579497896365, -0.0242017688898867, -0.0136711627587954, 
-0.00353233371627011, 0.00663760627448682, 0.0162086708919218, 
0.0252527339832271, 0.03635076194274, 0.0475594922747072, 0.0569091449144558, 
0.0653386215311897, 0.0747171503651775, 0.0824009387864377, 0.0777839227176963, 
0.0768316436741615, 0.0712955061702261, 0.0620432283836117, 0.0531288649739211, 
0.0460958165923674, 0.0399181420442611, 0.033836763163949, 0.0267703260803915, 
0.0197685309412179, 0.0131856982705177, 0.00726012986833617, 
0.0033257703021286, 0.000478300072631367, -0.00550880817827931, 
-0.27495403275388, -0.225980717978625, -0.212704193071954, -0.175229342423928, 
-0.100284079081372, -0.0574494100171974, 0.0817077966156924, 
0.0608070533452848, -0.0978026724247138, 0.118916926978687, 0.122334623585287, 
0.12316012557498, 0.132656493856628, 0.141211360321088, 0.147445790950929, 
0.14826514216186, 0.1439663097233, 0.142295315199246, 0.141623782334703, 
0.142899753749527, 0.14275813559285, 0.140242296473419, 0.134871941821776, 
0.127787086777578, 0.119998424930375, 0.110928223498801, 0.100984162473187, 
0.0895819786699276, 0.075532142333079, 0.0622597754139673, 0.0363835071128913, 
0.0129528713469623, -0.0110708931403955, -0.0354423270126039, 
-0.0585153728562796, -0.081180139935439, -0.103941227173682, 
-0.126485726248487, -0.148718158373649, -0.171268946124139, -0.195266082710044, 
-0.219064215945703, -0.241932264161991, -0.264281219407945, -0.0139137489260652, 
-0.0490780826731587, -0.0699582409542227, -0.041605462372181, 
-0.056283317533514, -0.0495315987652803, -0.121611954764979, 
0.0759296888696635, -0.0176365356879065, -0.107335009095687, 
-0.0905753332447926, -0.0804214574999469, -0.0803128571355143, 
-0.071112567960223, -0.0589143847214418, -0.0446870560183128, 
-0.0344356787225361, -0.0248895506067353, -0.0146200824657514, 
-0.00441659711504775, 0.00690106079024564, 0.0188565209798008, 
0.0298576026675336, 0.0392329266592359, 0.0478773595072753, 0.0557114728056309, 
0.0628022396804041, 0.069225468980075, 0.0745034443151571, 0.0781167539286147, 
0.0738775971327267, 0.0690587349137032, 0.0650206860303044, 0.0589290659082512, 
0.0515868785194819, 0.0445250421213409, 0.0373258741086797, 0.0295846828992653, 
0.0214434493086125, 0.013312356068897, 0.00828554912598738, 0.00536457248199889, 
-0.000213201632085647, -0.00577630990750371, -0.264388088462988, 
-0.27818898308105, -0.273728065859065, -0.253537374711866, -0.125005460984072, 
-0.0851388702621137, 0.11944872156813, 0.0881157925391006, -0.0749248551472133, 
0.112223673832186, 0.120413889937153, 0.130314017415803, 0.13644946579349, 
0.13963264604958, 0.140957996170055, 0.143300934805459, 0.142194607284288, 
0.143506890336319, 0.143317513614765, 0.142341563142368, 0.141331003947902, 
0.138409908571438, 0.131485829661337, 0.124503876327257, 0.116498233458045, 
0.107824181227629, 0.0982522745027965, 0.0875973628269309, 0.0828035413268778, 
0.0721019686556979, 0.048525810001372, 0.0261099147278159, 0.00386275295431813, 
-0.0197975278602425, -0.0441598631023937, -0.068122945079753, 
-0.0916413884569372, -0.115305164390677, -0.139061195964218, 
-0.16267971209143, -0.186361574131484, -0.210024652847682, -0.23359645510182, 
-0.255862193143109, -0.0101705288524626, -0.0326738383991558, 
-0.0396738669907011, -0.0299338610811469, -0.0362503640311629, 
-0.0479559191695401, -0.0619473897043368, 0.048017771130194, 
-0.0202697523509941, -0.0829618462682056, -0.0710422946158039, 
-0.0644162853169579, -0.0556492950363711, -0.0507490253506983, 
-0.0432118537184189, -0.0352553957840921, -0.0220621380977515, 
-0.0136596910587475, -0.00365442750434356, 0.00712680255966521, 
0.0172113198909394, 0.0288528253175531, 0.0341257191635541, 0.0379576463621921, 
0.0411604031272214, 0.0451182894049337, 0.0498390336384228, 0.0535359204567666, 
0.0540743459578971, 0.0467068474477732, 0.0448093019698248, 0.0424687107363606, 
0.0367288690988651, 0.0304359156960582, 0.0256518385433024, 0.0220213101092182, 
0.0184153383487255, 0.0147621540951198, 0.0116649465106995, 0.00866138065688078, 
0.00569230186892144, 0.00279071375990399, -0.000843391515594937, 
-0.00544854100450758, -0.246508473837995, -0.256858582156096, 
-0.255570365701492, -0.2144191928502, -0.121608026450431, -0.0761467371376751, 
0.126415806910919, 0.0566614906282859, -0.117253250976203, 0.114841784298721, 
0.131317093396108, 0.142033827175625, 0.141495610857564, 0.143195363203469, 
0.150357265330932, 0.155034323179679, 0.15616928243893, 0.153470252432703, 
0.149691606110693, 0.143496583655499, 0.136963457819211, 0.130002401207804, 
0.122672235336355, 0.115004789821266, 0.106910420888118, 0.0981932782491465, 
0.0893621364633119, 0.0804607373866204, 0.0712011518040986, 0.0661535744702266, 
0.0432615909705397, 0.0199781409208231, -0.00329605679700876, 
-0.0264895651971678, -0.049318628741266, -0.071881806570773, 
-0.0946022537870259, -0.117473940067071, -0.140704329971611, 
-0.163885868516932, -0.187163570442215, -0.210596302482292, -0.233986834859039, 
-0.256580418414157, 0.00184548454585312, -0.0355525057405913, 
-0.0594954578316192, -0.0373327586728543, -0.0570337706148097, 
-0.0720479874073892, -0.0876917718783123, 0.0551867925734398, 
-0.0232433670722889, -0.0911934966851085, -0.0886131235152515, 
-0.0747496451121865, -0.0625014808868414, -0.0578012201151649, 
-0.0500566664468688, -0.0373329611986694, -0.023767241975553, 
-0.0113774112794612, -3.63721120303917e-05, 0.00941969171172777, 
0.0168445469766758, 0.0229565763197874, 0.0284772937415429, 0.0340440688923279, 
0.0387680283605003, 0.042976649499248, 0.0472444290028549, 0.0505889063740766, 
0.0531472760993081, 0.0556497633448657, 0.0560635374706063, 0.0538441084876287, 
0.0509906003739215, 0.0468835114177003, 0.0416646444170013, 0.0355558495445436, 
0.0298262321473025, 0.0245157379526924, 0.021203298601954, 0.0182971850917429, 
0.0153481198047124, 0.0119189094122486, 0.00734424956398096, 
-0.000778253183242946, -0.253998644291626, -0.265478202788969, 
-0.267161031783679, -0.226894485683836, -0.134309753980015, -0.0822943218098323, 
0.12425174880937, 0.0698957852989413, -0.103975413657059, 0.117933629239027, 
0.12452506649954, 0.134128467331639, 0.13962648738571, 0.150598395218439, 
0.155935839229949, 0.153385471878582, 0.1499855570461, 0.15216942739634, 
0.149302878159525, 0.14437675480621, 0.138420865076378, 0.132151191962922, 
0.125296792012197, 0.117497213153253, 0.109438766716137, 0.100860970419519, 
0.0916763270795521, 0.0820635153481211, 0.0732535294232096, 0.0684864140037859, 
0.0458489288406621, 0.0230266720717043, -7.10963956862961e-05, 
-0.0232025234772194, -0.0464770588829122, -0.0697505231742694, 
-0.0929565747291189, -0.116249736581602, -0.139723923034873, 
-0.16325603004971, -0.186783415320356, -0.210347483941678, -0.233810745135471, 
-0.257395729688899, 0.0016087197930437, -0.0326569628280036, 
-0.0581978205346522, -0.0361880836365717, -0.0501631845237449, 
-0.065940477013997, -0.0644375338818152, 0.0474702681924425, 
-0.0237243574267951, -0.0728266266081973, -0.0692392906952607, 
-0.0655967494600386, -0.0659881667104899, -0.0595133658515862, 
-0.0440984145135704, -0.0312935450411102, -0.0235443544038753, 
-0.012994303347189, -0.00117595851406636, 0.00861191697476416, 
0.0166841712194473, 0.023836332695474, 0.0292427546514517, 0.0340087178893426, 
0.0380455342118646, 0.0409194262732139, 0.0435931750366425, 0.0459271257130414, 
0.0480396409946686, 0.0478989573938017, 0.0481276805603933, 0.0460672720353885, 
0.0427952410055368, 0.0385548940530313, 0.0342369222331515, 0.0300540096215896, 
0.0257724306637536, 0.0214397183751793, 0.0176622878421514, 0.0147487004123909, 
0.0123735952892803, 0.00995404584066379, 0.00729484761016932, 
0.00261080840908505, -0.265888902591564, -0.2672293298842, -0.264932258449972, 
-0.227837099400212, -0.120293569743757, -0.068652274029163, 0.119749887615985, 
0.0901845084735748, -0.0930677420883646, 0.11841203702186, 0.124859553104363, 
0.133388391096257, 0.138787100123943, 0.139040228670843, 0.134675179170741, 
0.137938516233587, 0.13995575923369, 0.140518921332761, 0.138339699361556, 
0.137388357073035, 0.134645787929265, 0.130710420763571, 0.126190599327613, 
0.120373725092696, 0.114150961243628, 0.108877028823514, 0.102327657293296, 
0.0890664315803626, 0.078075959660861, 0.071894397097605, 0.0482368360529957, 
0.0245520105760611, 0.00103099837144497, -0.022664105448071, 
-0.0464325647324497, -0.0698209622356253, -0.093048124030883, 
-0.116435257940221, -0.139888846095197, -0.163382719709497, -0.186585459883069, 
-0.209397588414458, -0.232431004647597, -0.25538314300081, -0.0118959285963224, 
-0.0468653846173725, -0.0642434857370333, -0.0381727121846472, 
-0.0499273747753063, -0.0627697089215473, -0.0764627229599868, 
0.0594684794726549, -0.0207967101484411, -0.0794853277697067, 
-0.0769564179263471, -0.0721729558584219, -0.0653053824079526, 
-0.057934713015004, -0.0485447560741751, -0.0360805127564592, 
-0.0267937599081536, -0.0185521927556207, -0.00814937170888972, 
0.00192376592508884, 0.010362873786375, 0.0189046908042696, 0.0264331840070076, 
0.0339079290170111, 0.0423451254468564, 0.049094708103606, 0.0566107344202425, 
0.0634067638170566, 0.0595174129222287, 0.0568485821897972, 0.0545166312847951, 
0.0516674865798451, 0.0475473527235912, 0.0437985339759576, 0.0414167807030247, 
0.0370462963032492, 0.0316494178991774, 0.0265123033706573, 0.0217369427653672, 
0.0170906717076497, 0.0116277533311213, 0.00538517013971157, 
-0.00179993924574424, -0.00591023332921022, -0.244387056930503, 
-0.25671717511319, -0.261055208792817, -0.216029706677793, -0.132372134280956, 
-0.0812093057953113, 0.132639738133201, 0.0543712965912575, -0.123563910202555, 
0.118734863106015, 0.126737563645543, 0.142965655150146, 0.153784411664323, 
0.149375549909028, 0.145766944463724, 0.154412840548908, 0.155520325036096, 
0.155116801207482, 0.150591688072428, 0.14482160640192, 0.138342579538324, 
0.131626479530043, 0.124200844957523, 0.116783740218992, 0.109589298266943, 
0.0993742346086663, 0.0878018788209832, 0.077893441374825, 0.0694692828890287, 
0.0652182748432616, 0.0436360658646291, 0.0209073557640705, -0.00246282704929713, 
-0.0257413926287861, -0.0487210529966512, -0.0716621708212916, 
-0.0946396631904575, -0.117666280558383, -0.140792432359432, 
-0.164030927500483, -0.187353856436126, -0.210735354604944, -0.233839517032286, 
-0.256702787636099, 0.00200892673868935, -0.0284919739033038, 
-0.060888992562412, -0.0340337364736231, -0.0526396420949037, 
-0.06836554538652, -0.0791385502395967, 0.0468234706428991, -0.0186273139563321, 
-0.0840878924687419, -0.0839359267208135, -0.0808433166089287, 
-0.0620687586687547, -0.0463692633304765, -0.0457338355541573, 
-0.0364682480590286, -0.0224969375245775, -0.00960203926537225, 
0.00246451491699109, 0.0122246157746194, 0.0201187974505972, 
0.0270770575263675, 0.0328588684462707, 0.0378753505815504, 0.0377766150419256, 
0.0373645928378112, 0.0400650622883742, 0.0430306962157803, 0.0452136310111591, 
0.0477112620179172, 0.0474813804726537, 0.0450139020791359, 0.0422391899097635, 
0.0400324108960074, 0.0374294538638028, 0.0338638852602106, 0.0300119683103636, 
0.0263759840904803, 0.023259903168286, 0.020396100895031, 0.0169433387073202, 
0.0126815690920169, 0.00686397062418006, -0.00141454604266209, 
-0.267094404219709, -0.262615516351937, -0.258016484082587, -0.220988023227427, 
-0.117041184751561, -0.0733233021076504, 0.116321387258787, 0.0786613023098235, 
-0.0882511210340642, 0.117311448632224, 0.124408076352033, 0.135017448115581, 
0.135802003173943, 0.136546477390293, 0.141329461131842, 0.140850136535304, 
0.143385872989088, 0.144409793120235, 0.143339622130372, 0.142378645198769, 
0.141039785871475, 0.138587109514474, 0.132002345979413, 0.121567336357877, 
0.114393442879236, 0.105996516957406, 0.0974074876170505, 0.0839361519633793, 
0.0782340516760752, 0.0691337707849939, 0.0459257834814737, 0.0224239056045574, 
-0.00142234425659021, -0.0250178125775653, -0.0485258463921897, 
-0.0719713037982452, -0.0953824008695789, -0.118750097469527, 
-0.142120205070877, -0.165475756305278, -0.188811647895115, -0.212007422614928, 
-0.23523789152694, -0.258356598473934, -0.0115792213523554, -0.0412028637117807, 
-0.0542319621997308, -0.0324799387431779, -0.0514902845508403, 
-0.0661419782538636, -0.0784969593015164, 0.0510727026735511, 
-0.0250428166551369, -0.0839794152903375, -0.0781711133977932, 
-0.0738982495135282, -0.0648789716502759, -0.054510319278687, 
-0.0482570155591996, -0.0370441197219248, -0.0242450684113186, 
-0.0151959106176944, -0.00595114742314089, 0.00505971732508133, 
0.015583772767485, 0.0259383616853597, 0.0380176604329922, 0.0410296023101738, 
0.0434509262082586, 0.0467228715989946, 0.049989589960359, 0.0513710425410686, 
0.0530367242334826, 0.0512179143628876, 0.0505429284865889, 0.0483170742318348, 
0.0448478748483234, 0.0418350552504247, 0.0391923508778325, 0.0355862218632286, 
0.031205923681773, 0.0267671264841086, 0.0221413822967254, 0.0171428233094663, 
0.0120605703456013, 0.0066174322591145, 0.00106753557369353, 
-0.00301782997610748, -0.245723704601514, -0.258195491483289, 
-0.254479560563413, -0.219088699430133, -0.102314045483979, -0.0735761817340151, 
0.136023287678732, 0.0595881988162, -0.142896763656407, 0.122974745690375, 
0.129893799808316, 0.141677067844104, 0.152191506140707, 0.150414005595465, 
0.149817483436233, 0.152333977394486, 0.149797434672017, 0.147141798647874, 
0.146568017386024, 0.144723147560673, 0.141352908664419, 0.133819507930678, 
0.126643022166515, 0.118896581786302, 0.107797387843172, 0.0965734614609199, 
0.0852224010829601, 0.0749596802263423, 0.0680570696898618, 0.0659133328691515, 
0.0432684107798458, 0.020013385883005, -0.00315076763043233, 
-0.0260261455944151, -0.0490928080303363, -0.0722424629226187, 
-0.0954615450491952, -0.118963130027972, -0.142605950409719, 
-0.166477602268231, -0.190653413533211, -0.213739010398344, -0.235718099460523, 
-0.25525623877663, -0.000766609892370376, -0.0332790858921225, 
-0.0798541897832618, -0.0414160806728085, -0.0705086085658492, 
-0.0650823617830829, -0.074693170054902, 0.0425952616663732, 
-0.0114369039149354, -0.0827196876045168, -0.0796402621246753, 
-0.0779166323597733, -0.0628566444662678, -0.0484756448644883, 
-0.0419565926987492, -0.0314437825573083, -0.0199769103235278, 
-0.0105669663902331, -0.000731969723505217, 0.0102300268567851, 
0.0219618916757557, 0.031303972221253, 0.030638163043749, 0.028893553920953, 
0.029748099009971, 0.0318379934257291, 0.0351813048857428, 0.0390519716027059, 
0.0417368119324625, 0.0427534052245043, 0.0431456322995574, 0.0431739182161864, 
0.0435927931769497, 0.0435599207158552, 0.0426695797174994, 0.0415817099763179, 
0.0400857811042716, 0.0380692257924916, 0.0349507113453296, 0.0311164854026293, 
0.0254872671550653, 0.0173175312626346, 0.00766092110299595, 
-0.00502182906139087, -0.258270095701941, -0.280744985081219, 
-0.266254060858865, -0.223763581565689, -0.132606620659519, -0.080729707677962, 
0.130632700843245, 0.0899766309618812, -0.115649009863508, 0.110929475521929, 
0.125381596445962, 0.135994964655552, 0.144190002317178, 0.147502294874546, 
0.145860279007897, 0.146685538325631, 0.148153985833788, 0.142271106007504, 
0.138014410677174, 0.136768057452987, 0.132982446218249, 0.126462252917288, 
0.120780358502183, 0.116038019017456, 0.110747602748449, 0.107079194866527, 
0.0992772637417465, 0.0884298997215556, 0.0781454068090021, 0.0739584764113031, 
0.0489664954998594, 0.0254391858698515, 0.00304816158626528, 
-0.0200754688588694, -0.0439150946385512, -0.0677644338797658, 
-0.0911345236521981, -0.114391394318335, -0.137800737109669, 
-0.161251871974341, -0.184689186521834, -0.208220603659787, -0.231838726113434, 
-0.254615704699526, -0.0030012243627253, -0.0442946285629284, 
-0.0764332240112109, -0.0443749170625288, -0.0529432260049082, 
-0.0583002885071922, -0.0569586226577257, 0.0497454031924809, 
-0.0124178452627807, -0.0799613424716003, -0.0726597253926903, 
-0.065672628300682, -0.0595343232786372, -0.0504631162387363, 
-0.043138651132114, -0.0342751569218519, -0.0250013634444451, 
-0.0175664667122431, -0.00549401333207361, 0.00362363587810031, 
0.0103991942385471, 0.0198863258418903, 0.0280177107538669, 0.034262630963668, 
0.0408617545830655, 0.0480460511724274, 0.0541866912317262, 0.0575007522487965, 
0.0561798974355819, 0.0454122993636958, 0.0421727237830296, 0.0432892105646903, 
0.0403105120072734, 0.0358546257853768, 0.031988887257322, 0.029608519173287, 
0.027702176873357, 0.0249919216231347, 0.0221622431532382, 0.0189581123876965, 
0.015678262334935, 0.0121701083804738, 0.00846702486714962, 0.00101408856226353, 
-0.252740841543516, -0.273699311579281, -0.259470531017088, -0.211910275774578, 
-0.138167757427584, -0.0859052676125207, 0.124550986620818, 0.066149508380073, 
-0.122226779975435, 0.114124459108632, 0.13096037792848, 0.137886357728711, 
0.138270297287821, 0.149478356908685, 0.160366176831416, 0.158592119986224, 
0.151418656038832, 0.1507349211347, 0.152746449774047, 0.145105804089372, 
0.13803757610416, 0.13034802377272, 0.123959408637009, 0.117111979701672, 
0.109801187268925, 0.1026279667181, 0.0939866114719284, 0.0823808135169243, 
0.0732508184974067, 0.0710352988738055, 0.0480284504536269, 0.0243740890670552, 
0.000440286232184488, -0.0241498734085415, -0.0476857998473222, 
-0.0707984130758587, -0.0939592636990197, -0.117214071132227, 
-0.140600583781875, -0.164046779461801, -0.187416406421587, -0.210922323797249, 
-0.235527567604766, -0.25932513497308, 0.00541629797510873, -0.0359003433140938, 
-0.0768340717331179, -0.0389215831202651, -0.0506542425724319, 
-0.0605792122881089, -0.0571812060161932, 0.0426090427454432, 
-0.0129171602587638, -0.0678994553691872, -0.0603353498765667, 
-0.0642514737625737, -0.0641132408340297, -0.0610100150376328, 
-0.0468599957494551, -0.0283088424108871, -0.019384575358451, 
-0.01310751053378, -0.000527793871983708, 0.0103343787069513, 
0.0167565927942566, 0.0226749057522552, 0.0298567558320031, 0.0354628847396301, 
0.03948967048773, 0.0409310989355639, 0.0408219362089985, 0.0414277954214501, 
0.0436586636127503, 0.0441334345847828, 0.0399140594683884, 0.0367144649588954, 
0.0328476314864008, 0.0309438591215521, 0.0301697548646341, 0.0289218149054691, 
0.0273328925557894, 0.0252377952177118, 0.0228544945142842, 0.0202816533909541, 
0.0174620271460976, 0.015456678497343, 0.0127670549120679, 0.00430843327100976, 
-0.259808741847362, -0.267555959034051, -0.265562953592974, -0.227505898105777, 
-0.11275635873979, -0.0627996323909631, 0.127875280976691, 0.0674079898137755, 
-0.0872147744095042, 0.116624387362847, 0.126430843964348, 0.13781072447918, 
0.14654894133437, 0.147162247834739, 0.144599092119094, 0.146953006692719, 
0.149951515887007, 0.149151761584465, 0.146234579002327, 0.142691857076522, 
0.1378221853287, 0.131731418540316, 0.124662921834654, 0.116767452191583, 
0.109083997925102, 0.100939287943631, 0.0919007177885519, 0.0825617907202026, 
0.072006961115411, 0.0679304545357989, 0.0447372759685077, 0.0214308981404613, 
-0.00211113930623616, -0.0254929473907837, -0.048774603766502, 
-0.0721507077704303, -0.0955510051333236, -0.118972760241986, 
-0.142407155037203, -0.165853890555441, -0.189335173294912, -0.212692027986619, 
-0.235734729666219, -0.258737131890929, -0.00561674218422302, 
-0.0334065197389703, -0.0494078164564996, -0.0293481917430088, 
-0.0470185773776534, -0.0623170869097663, -0.0755524592409735, 
0.0494437419602031, -0.0212805211759626, -0.0832253324812837, 
-0.0791525260945741, -0.0762048815622558, -0.0655035484575039, 
-0.0525969662601331, -0.0443119205458274, -0.0342726041113313, 
-0.024741548278469, -0.0131583544429062, -0.00236645371747256, 
0.00772537968607382, 0.0167700120437734, 0.0240987813125586, 
0.0299142723734498, 0.03559331508514, 0.0410784130856552, 0.0443646386855538, 
0.0460502398946566, 0.0475795047707437, 0.0484347091670375, 0.0499304278406708, 
0.0485437846798591, 0.0463745525646746, 0.0434006235945538, 0.0402638474903756, 
0.0363679004394566, 0.0323067659246217, 0.0283448536470253, 0.0247092891414995, 
0.0209390463048757, 0.0169405256183825, 0.0128110711145909, 0.00799656424204288, 
0.0025888831049575, -0.00308909299361781, -0.251459475303215, 
-0.263362695840434, -0.265884862977622, -0.216802769159911, -0.148861276558139, 
-0.0996929154693078, 0.115584199493452, 0.104203138553138, -0.167042946494915, 
0.109213009472276, 0.127181824397513, 0.138109764763722, 0.138947742789823, 
0.138549613619889, 0.144644929347385, 0.14437073109995, 0.14141358358076, 
0.136918949108791, 0.135645278981458, 0.135578301290227, 0.134965111221771, 
0.133231110019205, 0.129883345471127, 0.124085450684185, 0.118724677497504, 
0.110603457817301, 0.102816001742822, 0.0962288981816584, 0.0786905891760124, 
0.0763492780076191, 0.0512783104522071, 0.0279639146831006, 0.00488292353406639, 
-0.0185772214801396, -0.0422092924910068, -0.0657150800266311, 
-0.0890004272696267, -0.112389729432353, -0.135739279727126, 
-0.159024266534864, -0.182234902992813, -0.205356117990434, -0.227869554925428, 
-0.248841320312998, -0.00961867223332164, -0.0415065707674117, 
-0.0820746454597028, -0.0501940067106941, -0.0655199013176355, 
-0.080394919096796, -0.0511981085001723, 0.0520476878992746, 
-0.0208390691067138, -0.0659855026821537, -0.0617563514650121, 
-0.0623951434854244, -0.06363498449817, -0.0543691202091683, 
-0.0442001043804424, -0.0381837011636044, -0.0296257224598517, 
-0.0199859622076246, -0.00693217695854495, 0.0038746272851057, 
0.0131436850369724, 0.0209274925506101, 0.0286931403896534, 0.0361011708836493, 
0.0435231069927701, 0.0501934880991137, 0.0539065346210531, 0.0567031583030069, 
0.0594828822270273, 0.04643133404774, 0.044478190146402, 0.0461764086695901, 
0.0436664446662619, 0.0399085182037998, 0.0367578082844009, 0.0350126499370509, 
0.0325675020258485, 0.0297000306649784, 0.0256307024888326, 0.0209180389432388, 
0.0159476269214963, 0.0108160571024448, 0.00502876853250556, 
-0.00322239222038263, -0.236455845678809, -0.270145203059249, 
-0.263269560128987, -0.218172192901886, -0.131311110313392, -0.078402107027344, 
0.136326952714395, 0.0543003421775343, -0.126308293547576, 0.121351615264761, 
0.127909961421798, 0.141215406002297, 0.158537486516671, 0.152976102003531, 
0.150349736460928, 0.150138853024389, 0.150973367335149, 0.148464646200085, 
0.144881840090124, 0.139892298370151, 0.135223290478722, 0.129188623530569, 
0.123022472621181, 0.115788777338054, 0.107851447943609, 0.0994814166111061, 
0.0904767774408625, 0.0809494148927028, 0.0710094442791938, 0.0646613700601009, 
0.0445854820587852, 0.0229533782311243, -0.000362487902389214, 
-0.0243868097760712, -0.0472789768231781, -0.0702380944625032, 
-0.0931500822921096, -0.116007916334467, -0.138970372175079, 
-0.161987431589676, -0.185262953013526, -0.209354926902556, -0.233553046933472, 
-0.257893092205553, 0.00870096355216307, -0.0449721982198095, 
-0.0799477450487781, -0.038462962891102, -0.0544874437981375, 
-0.0531499993032904, -0.0791486990741596, 0.0460122853044087, 
-0.0113075561175336, -0.0881868142293096, -0.084454344769069, 
-0.0823738684664786, -0.0646567450550347, -0.0447945776625514, 
-0.039337740592462, -0.0321526185715894, -0.0213615164849691, 
-0.0101888265356559, 1.11667439107316e-05, 0.00898719543715897, 
0.0177519134668627, 0.0251830991802862, 0.0318582987608873, 0.0370524920478929, 
0.0401150503933572, 0.0415897667300505, 0.0427092293315491, 0.0436870406423579, 
0.044714455726939, 0.047531999366632, 0.0473535926867149, 0.0432367549348317, 
0.0377276213712831, 0.0357463208258312, 0.0339051663941807, 0.0316286423517606, 
0.0302781143069451, 0.0288962208691851, 0.0267408280164511, 0.0247396627263179, 
0.0223302546620833, 0.0190282392062155, 0.0121242457794132, -0.000656963995739272, 
-0.264267731556031, -0.282921267407055, -0.281543306444854, -0.256124787891881, 
-0.108085177932426, -0.0648650654324381, 0.109799997957608, 0.117313715722479, 
-0.105631177617013, 0.123220939898303, 0.124512951833972, 0.133949203212755, 
0.1361194972132, 0.134048678557789, 0.123603528489523, 0.121426799993874, 
0.126176246452752, 0.126725584149719, 0.125312401929497, 0.124801542843044, 
0.124960300328874, 0.125711869878061, 0.125338505641017, 0.123005783005753, 
0.121988354538662, 0.120690832096055, 0.120290806061445, 0.112766120909271, 
0.0939459684839646, 0.0756247960597123, 0.0500737777722735, 0.02619981298299, 
0.00300736629367538, -0.0201446943334687, -0.0432828813372235, 
-0.0667804041401522, -0.0897647654408222, -0.11218086767242, 
-0.135331384932384, -0.15842231146775, -0.181540735148245, -0.204452034401229, 
-0.226803910526239, -0.248472878624637, -0.0178265405288366, 
-0.051677275894077, -0.0630160689869579, -0.0488698168238401, 
-0.0552142051526798, -0.0593649240995106, -0.0596448424170437, 
0.0605636448897837, -0.0207259993380771, -0.0778211751831012, 
-0.0764879489211971, -0.0728322599888067, -0.0649951245677109, 
-0.0631209375398158, -0.0509184588648274, -0.0348683929449431, 
-0.0240938685594762, -0.0165626210782434, -0.00721610441992166, 
0.0032309723667814, 0.0135323390390285, 0.0244442920475968, 0.0362644222756929, 
0.0402700811662946, 0.0433413735692634, 0.0447726105981987, 0.0530870890336476, 
0.0695941449530807, 0.0606591418681039, 0.0520143689945317, 0.0503250253068713, 
0.0532803430870302, 0.0518911345866428, 0.0472390941784995, 0.042123634921023, 
0.0378998258115865, 0.0321287342781168, 0.0249584796680522, 0.0187698063089489, 
0.0127257141303326, 0.00698600690578251, 0.00135813224347491, 
-0.00457874417543611, -0.0116251027438623, -0.261067826936238, 
-0.272122217880345, -0.25237643781975, -0.208962661126287, -0.129941787855605, 
-0.0710245621000394, 0.134707074613667, 0.0713346271926864, -0.104324253614754, 
0.115567577084122, 0.128489701558373, 0.138082234319667, 0.152653286488765, 
0.15223584739295, 0.146743181531488, 0.144345654471766, 0.148382142135911, 
0.148469824257578, 0.143884976169848, 0.139356617222174, 0.133116148126976, 
0.128343881897532, 0.122237426940684, 0.115866246323421, 0.110136538344966, 
0.102188279758647, 0.0922697085543407, 0.0824400743266984, 0.0734172566544411, 
0.0692857354332142, 0.0457689745281661, 0.0229503686812618, -4.14257406625282e-05, 
-0.0238205483056674, -0.0475049408095326, -0.0712267579896136, 
-0.0947606502964631, -0.118202923606586, -0.141729313859676, 
-0.165248233818821, -0.188790613536034, -0.212688900503465, -0.238089243215914, 
-0.260350084993891, 0.00146845612309411, -0.0429726664481973, 
-0.077172999974611, -0.0375312005958739, -0.0515367620575527, 
-0.0577730615424964, -0.0701449663771227, 0.0483259637432119, 
-0.0125055352020407, -0.0776800591447514, -0.0745060352757902, 
-0.079879835334009, -0.0668416498994697, -0.0493372427906389, 
-0.0416960627389933, -0.0334638870586596, -0.0237347472080413, 
-0.0126404313974473, -0.00323263123483362, 0.00549814695658428, 
0.013301371135527, 0.0218911359327404, 0.0282698405099388, 0.0355878629063926, 
0.0411245096999392, 0.0426575555756041, 0.0447287213423055, 0.0471160718424308, 
0.0488869084790383, 0.0479227090731649, 0.0472028325163353, 0.0454698361038359, 
0.0409590293924646, 0.0372391422726701, 0.033845333329684, 0.0310296564275095, 
0.0289825505052529, 0.0267030641865561, 0.0239572568747867, 0.021188495190106, 
0.0188475085577819, 0.016560666080669, 0.0126998410997321, 0.00118530842317334, 
-0.249107833138838, -0.2684886623989, -0.26410425400643, -0.216174716970668, 
-0.120833687143795, -0.0598823135675629, 0.129355990280544, 0.056252288556146, 
-0.107522039585874, 0.11831723567557, 0.12620832410691, 0.139186740795805, 
0.149577956346017, 0.148026170929566, 0.148390949960876, 0.152677854148724, 
0.153133595408922, 0.151762002511295, 0.150071398356494, 0.14611642450354, 
0.140904195453746, 0.133267770889623, 0.124645791384832, 0.115291735003652, 
0.104582106112729, 0.0951377494640813, 0.0865140358752129, 0.0783601059435192, 
0.0701790077222928, 0.0651240275010183, 0.0436595194572062, 0.0208218686518795, 
-0.00247280980226289, -0.0257889772692922, -0.0488674775010933, 
-0.0718944129032499, -0.0949797274544066, -0.118209124590383, 
-0.141431943977661, -0.164694433748896, -0.188067899665658, -0.211653525613895, 
-0.235160243723815, -0.258230761977521, 0.0063368631385535, -0.0336074868783658, 
-0.0726305853766959, -0.0384603446780071, -0.0582265286589818, 
-0.0658382230345439, -0.0769470840406803, 0.0487604028935689, 
-0.0162115835762287, -0.0825952637887969, -0.0794181261019975, 
-0.0792544751820318, -0.0644203374612792, -0.0512750494655863, 
-0.0440039014453484, -0.0343346334602652, -0.0221992572369906, 
-0.011386361253033, 3.17557005742937e-05, 0.0114118682670232, 
0.0214004320271003, 0.0281787075914062, 0.0292227914381971, 0.0302334711761659, 
0.0336593687938913, 0.0384232656716336, 0.0421820155583742, 0.0453820146313347, 
0.0472356036291145, 0.0501294821232206, 0.0493666919302223, 0.0464437903422816, 
0.0429781453579432, 0.0403347358756301, 0.0371308145751136, 0.0333403339401778, 
0.0293106125783872, 0.0260483532998357, 0.0235075184832722, 0.0211294590465709, 
0.018458329671259, 0.015180843047516, 0.0106748099496123, 0.00431676090085236, 
-0.260243521961945, -0.274812998836057, -0.269993587098129, -0.24550869202502, 
-0.115064705029074, -0.0683357112669358, 0.124588109512294, 0.0751189277163378, 
-0.0779688782024285, 0.120269999391989, 0.128243974937469, 0.132636459566206, 
0.133367240581769, 0.136565867110319, 0.140970686639641, 0.142540203941575, 
0.141679093166933, 0.144022171981574, 0.147106567667898, 0.149356651606011, 
0.146284706766234, 0.138697871213404, 0.130321081643309, 0.121266185527471, 
0.112192009588343, 0.102051536746906, 0.0922981049403495, 0.0830549744491492, 
0.0744427009136012, 0.0694164458492852, 0.0468386046276489, 0.0241285104733118, 
0.000827879235943415, -0.0226531894510335, -0.0463536613697189, 
-0.0700209081392155, -0.0934621999960184, -0.116923596487045, 
-0.140429139382169, -0.164098674989631, -0.187851915454934, -0.2115035213599, 
-0.234838326119911, -0.258223338625806, -0.00568725406235417, 
-0.0300177775122368, -0.0383039101631308, -0.0279024526405853, 
-0.0460841643023995, -0.0607665630587654, -0.0758874678882447, 
0.0491393867856912, -0.0232489251620372, -0.0816092683730269, 
-0.0781365405228472, -0.0701305152830121, -0.0606600904466178, 
-0.0510400862747816, -0.0426895776323323, -0.0338040670271115, 
-0.0232364985268284, -0.0124658210402929, -0.00357394484066313, 
0.00805941830378849, 0.0209412227800862, 0.030329912374644, 0.0359186723536242, 
0.0387882140823274, 0.0406459498631438, 0.0432836613752774, 0.0464791039428135, 
0.0488583420686176, 0.050128276257553, 0.049624755612235, 0.0484136864239479, 
0.0442761310754445, 0.0393417092478811, 0.0343230009730978, 0.0296864490616235, 
0.0258520890020197, 0.0220868742236189, 0.0184504345280391, 0.0147443238733141, 
0.0111094207512157, 0.00831257711706851, 0.00569050380829822, 
0.00239792092219606, -0.00163711205029896, -0.240933709618023, 
-0.258061629035048, -0.257555805505943, -0.227538458030722, -0.113376488828948, 
-0.0699169781804716, 0.135778638937924, 0.0512556479094473, -0.125613537799039, 
0.119076041021726, 0.125706655994845, 0.144928830922662, 0.150141918896829, 
0.155652634417415, 0.155902770434083, 0.154413115159464, 0.154305496368111, 
0.151724781673087, 0.148293974085574, 0.143518716297844, 0.140938944817496, 
0.13219490526554, 0.12283475693564, 0.114811367031762, 0.104806593345509, 
0.0947992468978786, 0.0854472652048545, 0.0767685832123334, 0.0691554036305955, 
0.0676203925772888, 0.0425392908094441, 0.019385819161448, -0.00331691020053758, 
-0.0262685670004012, -0.0494595768634246, -0.0724722087668703, 
-0.0954495126817815, -0.118694205379475, -0.142342820608744, 
-0.166027227526369, -0.189505205393666, -0.212923874611947, -0.236327853664551, 
-0.256217221312836, 0.00285424395972894, -0.0356230004506042, 
-0.0646309927509723, -0.039781120936136, -0.0682701852741951, 
-0.0656862870507439, -0.0765047076018337, 0.0437172479939043, 
-0.0137388078613905, -0.0814249777122868, -0.0860560564061394, 
-0.0763609413528966, -0.0637256830275172, -0.0532543080965159, 
-0.0398971756863183, -0.0308534110643633, -0.019679304114963, 
-0.0078008842906336, 0.00249676357294362, 0.0140660456446489, 
0.0196541250380188, 0.0286095609849674, 0.0289275984340077, 0.0296642690855191, 
0.0314878434261765, 0.0345265311836732, 0.0376733769450676, 0.0402567823535904, 
0.0419553854214918, 0.0436991443908349, 0.0435039015856102, 0.0437226289707798, 
0.0428764316368289, 0.0409032382027355, 0.039088570476153, 0.0379819097374234, 
0.0366048965258423, 0.0348336947380852, 0.0320425438282021, 0.0280587194355785, 
0.0231142474837992, 0.0171267988417954, 0.00865947977005915, 
-0.00481813598995607), .Dim = c(44L, 2L, 29L)), ID = 1:29, Binom = structure(c(6L, 
13L, 7L, 8L, 9L, 11L, 1L, 3L, 2L, 4L, 10L, 5L, 16L, 21L, 22L, 
25L, 18L, 26L, 12L, 27L, 23L, 20L, 14L, 17L, 29L, 24L, 19L, 15L, 
28L), .Label = c("Amblysomus_corriae", "Amblysomus_hottentotus", 
"Calcochloris_leucorhinus", "Calcochloris_obtusirostris", "Carpitalpa_arendsi", 
"Chlorotalpa_duthieae", "Chrysochloris_asiatica", "Chrysochloris_stuhlmanni", 
"Chrysospalax_trevelyani", "Chrysospalax_villosus", "Cryptochloris_wintoni", 
"Echinops_telfairi", "Eremitalpa_granti", "Geogale_aurita", "Hemicentetes_nigriceps", 
"Hemicentetes_semispinosus", "Limnogale_mergulus", "Microgale_brevicaudata", 
"Microgale_dobsoni", "Microgale_dryas", "Microgale_longicaudata", 
"Microgale_parvula", "Micropotamogale_lamottei", "Micropotamogale_ruwenzorii", 
"Oryzorictes_hova", "Oryzorictes_tetradactylus", "Potamogale_velox", 
"Setifer_setosus", "Tenrec_ecaudatus"), class = "factor")), .Names = c("meanshape", 
"ID", "Binom"))
