structure(list(meanshape = structure(c(0.264934868869824, 0.232609484752361, 
0.218447983725032, 0.183470785433638, 0.108050172493237, 0.0645596867193896, 
-0.0674652637570588, -0.06690219138956, 0.0984766286918258, -0.102948281043136, 
-0.10971970060102, -0.106152703683016, -0.115414321677778, -0.126606702791938, 
-0.133779458719814, -0.137883951749112, -0.141009839884618, -0.142494640452007, 
-0.142276739772777, -0.140880608255674, -0.140077495684894, -0.139421537415345, 
-0.137075737111101, -0.132582270548426, -0.126234745226371, -0.118061144600506, 
-0.107705216509781, -0.0966018425671652, -0.0853743770560088, 
-0.0732067337617029, -0.0483504584012524, -0.024045865602793, 
-8.75437261257323e-05, 0.0245634935748233, 0.0492128363607301, 
0.0733356944897683, 0.0969364283421126, 0.120385694351171, 0.144074951409746, 
0.167951794046952, 0.192317951820675, 0.216686743060833, 0.24070726440913, 
0.265636909437731, 0.0172961421572422, -0.0153440722291885, -0.0408903880167563, 
-0.0189111934490666, -0.0495102921364077, -0.0521572936514382, 
-0.133448739292075, 0.0690688819443703, -0.0136359805887377, 
-0.123885987100591, -0.104903853831977, -0.0971516691284507, 
-0.0928134503150373, -0.0879744916894857, -0.0759828322659832, 
-0.0652941939779163, -0.054129318937319, -0.0423250578426771, 
-0.0306309893513094, -0.0197760939261379, -0.0094665263872592, 
0.00121913458682332, 0.0122914953117511, 0.0231658019391366, 
0.0335541273005371, 0.0435584403764547, 0.0519075051349711, 0.0581246098471628, 
0.0626261101851072, 0.0693076213489552, 0.0686130398699724, 0.0662517055975165, 
0.0648721625483343, 0.0629364057721876, 0.0598073078965076, 0.0554400641117467, 
0.0504679849785607, 0.0454727248723583, 0.0411109091766105, 0.0371111874800495, 
0.0348167370273706, 0.0355942615245182, 0.0348441060956241, 0.0287739570339453, 
0.245627734092742, 0.228698333226855, 0.216445398745634, 0.184043934127647, 
0.117690996140561, 0.0717651562728653, -0.0597737904345198, -0.0507252166813543, 
0.107903812242513, -0.102138814946627, -0.113036813172958, -0.110048756570116, 
-0.119922665046033, -0.134874706388779, -0.14070021896939, -0.143405201388654, 
-0.142942163378421, -0.141950009992632, -0.140787620466258, -0.141109590270797, 
-0.14054827100648, -0.138603487153845, -0.134544318658876, -0.128317999222416, 
-0.121785785951291, -0.113950859886738, -0.107704399899015, -0.0988480211586991, 
-0.0834436759904941, -0.0808558806210862, -0.0485527165988297, 
-0.0214403116326611, 0.00340094759486877, 0.0283576177471887, 
0.052203497825623, 0.0752779729571941, 0.0980257934695216, 0.120586070985384, 
0.143829365140687, 0.167395804234029, 0.191152783434828, 0.215151637368124, 
0.238040691880421, 0.254413748000286, 0.0201175276191356, -0.0044789148450555, 
-0.0407261835320959, -0.020547388282829, -0.0552924599155407, 
-0.0634141102909162, -0.142683466091074, 0.0741624032618417, 
-0.0172300406416888, -0.129572986911199, -0.108981285919269, 
-0.10216696511573, -0.106106956862835, -0.0940491529704811, -0.0764425029498127, 
-0.0633163899914138, -0.0505872061504578, -0.0397744842292101, 
-0.030014183145261, -0.0201042872549112, -0.00869169109178044, 
0.00317204071589643, 0.0147426907722487, 0.0244286085753043, 
0.0341062950998422, 0.0414948556055222, 0.0486260656302781, 0.0585980295134503, 
0.0682862537311993, 0.0676495555437488, 0.0757015311756105, 0.0743786706914952, 
0.0724724305039977, 0.0686370117182803, 0.0634727618718572, 0.0578998944218579, 
0.0520483127375417, 0.0462665264899699, 0.0421115001106663, 0.0385394409123892, 
0.0358091904143719, 0.0367754892363023, 0.0315572024881796, 0.0231263673505743, 
0.25970507820075, 0.233280421077038, 0.218212584311889, 0.184378298176927, 
0.112007742393851, 0.0713427568801613, -0.0671973653800979, -0.0654520644903473, 
0.106139217322418, -0.102792720567916, -0.113588867928192, -0.110906126133712, 
-0.115175766378833, -0.127290298901546, -0.13672725151936, -0.139539405619448, 
-0.140685322343153, -0.141007259723844, -0.13993891530211, -0.138640135287261, 
-0.13782415384785, -0.137288342380599, -0.13469171152789, -0.130091214253391, 
-0.123937149111219, -0.116733910231894, -0.108027348521607, -0.0996333420403677, 
-0.0877484353978862, -0.0770745810293216, -0.0489752633477121, 
-0.0237595380908087, 0.00105199917701204, 0.0258616230683208, 
0.0496733515350146, 0.0728280018781931, 0.0955528866620537, 0.118794531794745, 
0.142401916562614, 0.166325406511499, 0.190780000777323, 0.214998480343742, 
0.239407897070475, 0.261984295612339, 0.0221610162128526, -0.011666628846201, 
-0.0422498328730375, -0.0208795474915969, -0.0545857042656109, 
-0.0604175485778339, -0.133294107025303, 0.0722257040077922, 
-0.0161289527176014, -0.126547417188105, -0.106617902427533, 
-0.0950184004695558, -0.0942667378723009, -0.0909263090811019, 
-0.0771493872469516, -0.0634594069204818, -0.0523299966952234, 
-0.0411610537349721, -0.0300354694725432, -0.0194306871399286, 
-0.00938368058138168, 0.00131219578712515, 0.0122187779934625, 
0.0226286123312003, 0.0320819416184336, 0.0413416653748137, 0.0489999517911702, 
0.0566179207206208, 0.0649443062390083, 0.0733171288895276, 0.0740789896520089, 
0.0713972072275686, 0.0692799939735723, 0.0650948727193881, 0.0602001186024369, 
0.0543253355970088, 0.048379354628383, 0.0436020570536205, 0.0393494872337043, 
0.035577832679848, 0.0341244002718259, 0.0375805304552013, 0.0364689617598435, 
0.0282404078068459, 0.264430955698864, 0.236685384873281, 0.221775059259127, 
0.183625357681602, 0.112838142057994, 0.0736332790795364, -0.0840997717594369, 
-0.066120993293265, 0.0967231652843025, -0.104483028750634, -0.117080270473657, 
-0.118396986790957, -0.121728264412361, -0.130399276707925, -0.135714957725938, 
-0.13970656295481, -0.142290204937467, -0.142726504387037, -0.141513997002929, 
-0.139783674254689, -0.137446164570301, -0.135060070787475, -0.131558890964369, 
-0.126487517471689, -0.119113677277823, -0.111109380859037, -0.102665169062898, 
-0.0933423527472044, -0.0830571502440461, -0.074214784415251, 
-0.0501272365604488, -0.026046086114531, -0.00171744606852579, 
0.0226901158771168, 0.0474114937798735, 0.0723239372966504, 0.0963659025531066, 
0.120255815674777, 0.144466285470286, 0.168497781192315, 0.192240483767404, 
0.216289680306876, 0.241856370427092, 0.263881210314501, 0.0194187727982564, 
-0.0190211890178007, -0.0473738395603533, -0.021898676397288, 
-0.0406109391173421, -0.0464521441015655, -0.129317073443208, 
0.0617362408202497, -0.00906011895467458, -0.122537697885896, 
-0.109229041734938, -0.0965096859973401, -0.0919459524986055, 
-0.085238934265827, -0.0736361337159189, -0.0630431827975763, 
-0.0512894932200491, -0.0392360709689156, -0.0280276343051734, 
-0.017354996319214, -0.00712946018752511, 0.00342961049363527, 
0.0131522922439932, 0.0226889655118222, 0.0310777079503981, 0.0381421172483729, 
0.0447672241932827, 0.0504989825607495, 0.0556556988006232, 0.0623117296032163, 
0.0612914964463909, 0.0607072170503893, 0.0606025595270846, 0.0601116909122053, 
0.059496904339084, 0.0569409330696258, 0.053298415693372, 0.050176203174694, 
0.0470658076738545, 0.0431195967488915, 0.0396887468873183, 0.0388880142537585, 
0.0381705729104311, 0.0264747635775123, 0.264486873943779, 0.247081777993722, 
0.235962029200908, 0.197551983416563, 0.12397442258801, 0.0816702951013394, 
-0.077308933946754, -0.100432743400956, 0.116291682409451, -0.102991420433979, 
-0.11007486444158, -0.107802901138232, -0.109075073384319, -0.117069645338831, 
-0.119931085934831, -0.1260302983383, -0.130393822948103, -0.130826607172307, 
-0.130137657475916, -0.130705702741216, -0.13182352167961, -0.13237139192819, 
-0.132515882650829, -0.131195198125876, -0.131242846362521, -0.131377488038707, 
-0.125723749974839, -0.112968800386443, -0.0965719443119366, 
-0.0802949277650156, -0.056189175191624, -0.0304139809477663, 
-0.00535449873751507, 0.018798067471355, 0.0426865115930224, 
0.0664640154243915, 0.0902274725857962, 0.114037744474947, 0.138053193586864, 
0.162351069764642, 0.187119348909535, 0.211644292532499, 0.235269205676901, 
0.25715417612247, 0.0159344635822699, -0.0298167062336319, -0.0556348350389926, 
-0.0293632049981347, -0.0492680614133635, -0.0526662498170964, 
-0.124816475215208, 0.0714299951042522, -0.00819795392538081, 
-0.115655555880645, -0.104555733437621, -0.0970334003203207, 
-0.0839904668114594, -0.0761156861005349, -0.0677479926589122, 
-0.0571133729416095, -0.0495695447982572, -0.041883011235506, 
-0.0312972352804326, -0.0199072898192611, -0.00954122583602089, 
0.00019241591868956, 0.00893181705353028, 0.0170328002244453, 
0.0240292712557858, 0.0352790016793809, 0.0506878615195095, 0.064623988844842, 
0.0727153113231069, 0.0705547697616414, 0.0704488853230788, 0.0696940964313586, 
0.0657862318380543, 0.0619386344025526, 0.0574085886287311, 0.0529885152816432, 
0.0484588887228209, 0.0439462347149437, 0.0397997986295497, 0.0361611423596987, 
0.0337990451434796, 0.0340418332055656, 0.0313445363551461, 0.0269458744583117, 
0.256938460932979, 0.234164172421173, 0.222699745952823, 0.186650168729269, 
0.11655643133562, 0.0745837494343328, -0.0599803414250121, -0.0653280059559862, 
0.0985670749900609, -0.101071661045746, -0.104633525468542, -0.107063314873981, 
-0.118960999304917, -0.128938885626904, -0.134944589761963, -0.138043887670677, 
-0.139807664256046, -0.141120984068829, -0.14077845080413, -0.140804687603398, 
-0.142493966295533, -0.14107174628773, -0.137737545446733, -0.131422740135603, 
-0.124317916754682, -0.116933728980238, -0.10681687746173, -0.0974425172766104, 
-0.0875030350724947, -0.0781954169896185, -0.0538238142818201, 
-0.0278719950568403, 0.000301462957424087, 0.0276497108008822, 
0.0518937076481455, 0.075385447569531, 0.0976282608617391, 0.119734679824055, 
0.142188691606733, 0.16537912626248, 0.1897105108453, 0.214633509206262, 
0.237260958622429, 0.255182427904527, 0.0125630031260724, -0.0137229273709909, 
-0.0368553119562339, -0.01832127862718, -0.0490855674555039, 
-0.055301448867064, -0.137422289005583, 0.0720164167980519, -0.0140307024759441, 
-0.121993361784434, -0.104667788230546, -0.0980920729126734, 
-0.102771569220705, -0.0883762971981888, -0.0768288388182969, 
-0.065274484967762, -0.0543194782470355, -0.0430547073159467, 
-0.0320768816698507, -0.022391909997471, -0.0111806843442943, 
0.00132685073907039, 0.013213906808251, 0.0240867594155019, 0.0326989025285335, 
0.041834858225173, 0.0497402247077979, 0.0553088124676989, 0.0616932689987996, 
0.0692630737729457, 0.0742187255859275, 0.0769542919159287, 0.0783656138175233, 
0.073453604452777, 0.0678926516335529, 0.0611286018914502, 0.0534494178927407, 
0.0463958201884928, 0.0396285480949422, 0.0337519180051392, 0.029010510660726, 
0.0283388367968904, 0.0282602399487104, 0.0211727419930061, 0.263545249510399, 
0.247160617842167, 0.230594134239593, 0.190363213017697, 0.116548855924258, 
0.0854199941026193, -0.0683913926564219, -0.0847929120084816, 
0.108160796279574, -0.0963754908227012, -0.0976102824955963, 
-0.106932382978717, -0.117272602937553, -0.124555515825642, -0.128154821270903, 
-0.132183460055825, -0.13453657971981, -0.135485039737821, -0.135915474571327, 
-0.138179215025698, -0.1407703136265, -0.142920880978211, -0.141924488126655, 
-0.137562022291806, -0.131176575986272, -0.122741006440422, -0.114321162594182, 
-0.103739096127847, -0.0916627048560244, -0.0781365119876941, 
-0.0519352451444826, -0.0265309329686928, -0.00345916560213679, 
0.0206356939496833, 0.0451287989903709, 0.0691848168750305, 0.0931781199970797, 
0.117154132543869, 0.141014219515001, 0.164990936661521, 0.189188683131551, 
0.213419378712242, 0.236268113653405, 0.255309521891363, 0.0113512289645747, 
-0.029666638046164, -0.0573318662671306, -0.0229614199206758, 
-0.0357933512926207, -0.0393084971362533, -0.13055295313392, 
0.0675912224632808, -0.000454156002639019, -0.110001399998025, 
-0.101164671039618, -0.089413186684243, -0.091246859991, -0.0831630605264141, 
-0.0734628463180803, -0.0639658592515008, -0.0536418257652288, 
-0.0431185806247519, -0.0324442990730196, -0.0222987345453276, 
-0.0126272947843655, -0.00171309893088951, 0.0105449266729323, 
0.022263976962305, 0.0336286475907587, 0.0428047720751768, 0.0512624370783676, 
0.0592614994843726, 0.0654945624552, 0.068162387808018, 0.0686273839183558, 
0.0648388283395154, 0.0611831633866948, 0.0600784213500346, 0.0569109976896588, 
0.053731405918038, 0.0502118380579276, 0.0464589584882466, 0.0422300031561846, 
0.038400749882819, 0.0350720297527035, 0.0335206727379045, 0.0298464847507693, 
0.0208540003480294, 0.259998047813603, 0.235388028541912, 0.223009372984427, 
0.187075759219359, 0.118025612756321, 0.0759057988908423, -0.0786366912863411, 
-0.0713885938668306, 0.0989904120360883, -0.102580819608404, 
-0.115502174526355, -0.117461479314917, -0.118722346347592, -0.128423905655488, 
-0.133601227930142, -0.137597180588164, -0.140324988575255, -0.140956180360368, 
-0.139705218210487, -0.136984353992113, -0.133809723776628, -0.131979035703988, 
-0.1297302246961, -0.126021586754372, -0.120867428871718, -0.114127342435062, 
-0.107526369985872, -0.0989153518581683, -0.0866924588920285, 
-0.0785792517634379, -0.0535988440393405, -0.0276140542105041, 
-0.00171799984932478, 0.0237063473586309, 0.0483539433789826, 
0.0724856461132302, 0.0963635679541766, 0.120111620899664, 0.143890329513103, 
0.167618260870316, 0.191061130378278, 0.215134869583253, 0.238819213514462, 
0.257126871292353, 0.0123362263727577, -0.0191275955976367, -0.046724643681339, 
-0.0242803438758457, -0.0517780359059327, -0.0536248073765567, 
-0.130270488063495, 0.0648026270788687, -0.0184397641355186, 
-0.122715004158044, -0.110148210186348, -0.0963136929733512, 
-0.0908278778118986, -0.0860577948393209, -0.0738946345664052, 
-0.0636657719052475, -0.0524360984035285, -0.0407232561999534, 
-0.0293098395705416, -0.0188568072970234, -0.00917801771493827, 
0.000916179992297572, 0.0104461785940943, 0.0196329840486388, 
0.028906386475857, 0.0369100539959983, 0.0449968101142993, 0.0535961435211532, 
0.0614368565945921, 0.0646696934711068, 0.0691572872805715, 0.0709933749155461, 
0.0708697501002147, 0.0685843034729716, 0.0653794390670773, 0.0616028607763813, 
0.0574550656567822, 0.0529409115397272, 0.0483932771319599, 0.0434853980286376, 
0.0387138315966552, 0.0366694834553021, 0.0327695091265212, 0.0227080518549125, 
0.259071378568369, 0.234702463779837, 0.22062811983194, 0.184443431103559, 
0.118763475312377, 0.0860564759207381, -0.0640882990304192, -0.0697595840432768, 
0.110494903608239, -0.101360532813777, -0.107940786338403, -0.109580016775231, 
-0.119584480081269, -0.128328650201739, -0.132968692805226, -0.136623049117502, 
-0.139594242501977, -0.140839596719357, -0.140303153578664, -0.141083007244189, 
-0.142659133731373, -0.142481383202467, -0.140109011549402, -0.13588137613775, 
-0.128406091707104, -0.118649448914532, -0.10877184614348, -0.0973320470759857, 
-0.085103234818447, -0.072962356822261, -0.0488250895216411, 
-0.0248814317409714, -0.000962652029009918, 0.0230053822521944, 
0.0472576932062597, 0.0714610226681703, 0.0951604535966311, 0.118632428156286, 
0.142313710877822, 0.16621665740813, 0.19036105952963, 0.214370128345336, 
0.237699182652241, 0.258441227827693, 0.0121137957115857, -0.019583930611387, 
-0.0414095740575898, -0.0202111133199787, -0.0424528950511731, 
-0.0451785233823731, -0.131623594451695, 0.0679040895570916, 
-0.00666727551482697, -0.122540593730429, -0.10511361658316, 
-0.0977287382711818, -0.0965720410037351, -0.0857444287467673, 
-0.0748097563083493, -0.064660621497842, -0.0536178782519755, 
-0.0419036267699014, -0.0313080095328336, -0.0217205278616799, 
-0.0107962888948009, 0.00129532503835065, 0.0128814544526956, 
0.0245643445925171, 0.0364420754162554, 0.0455935423766897, 0.0531945752368549, 
0.0596515227785497, 0.0638238442981688, 0.0687270778092378, 0.0665811884588581, 
0.0646448185551378, 0.062138051678306, 0.0600452939774867, 0.0577345156674965, 
0.0543819932029719, 0.0499289308347466, 0.0454020920192363, 0.041524224485773, 
0.0382064949234869, 0.0363538765687816, 0.0344260009366024, 0.0310216552310589, 
0.0250622500337392, 0.260817964883713, 0.234655820844542, 0.215982596149668, 
0.180714291257695, 0.103020374877321, 0.0689811606044944, -0.0736283088026016, 
-0.0680800195466901, 0.11977218258448, -0.104746604163029, -0.116554185709886, 
-0.114495357582838, -0.11780566578275, -0.128872752774684, -0.133863696561361, 
-0.137740284831797, -0.139344264667875, -0.140063625049669, -0.138531556798113, 
-0.136006630849221, -0.134530188565497, -0.131654212767835, -0.130917061642293, 
-0.128075747643955, -0.123838631575812, -0.117098312177075, -0.108791345973713, 
-0.0987248214695094, -0.0862287776323893, -0.0784876604545463, 
-0.0517541832907918, -0.0250840214620403, 8.87336750660609e-05, 
0.024580915034322, 0.0491053483695612, 0.0731875902685015, 0.0963065147836572, 
0.119563758894056, 0.143150287372958, 0.166990595379736, 0.190897947135282, 
0.215233997098619, 0.239887540963028, 0.261980297599273, 0.0236101531832435, 
-0.0141952775099434, -0.0476709054008186, -0.0252476623261083, 
-0.0588827205571054, -0.0624293345747979, -0.13422896538097, 
0.0691213237579787, -0.00998321519056065, -0.127817458252854, 
-0.108273037979112, -0.0968084618802065, -0.092359578421824, 
-0.0873132767935644, -0.0742136463954857, -0.0635882956484618, 
-0.0521736370988994, -0.0409077860474414, -0.0296883748297515, 
-0.0196370984639946, -0.00953766036926296, 0.00109008668923561, 
0.0102519520060136, 0.0199004085319627, 0.0300640044255961, 0.0400190015491079, 
0.0487142094421033, 0.0572187421193488, 0.0629842359187117, 0.0688787368839406, 
0.0725276822845748, 0.0718101136307671, 0.0697912450722296, 0.0666675102987574, 
0.0633720651617228, 0.0582105791686726, 0.0526490114466909, 0.0479063835908966, 
0.0436312968956331, 0.039970216120915, 0.037081977629842, 0.0370501931101268, 
0.0346157459090859, 0.0278195182940051, 0.268705561757923, 0.236844090643293, 
0.225993274671101, 0.191570641866945, 0.120137238628009, 0.0774291676220757, 
-0.0660589486337428, -0.0836471038528903, 0.118785583726896, 
-0.10008442810278, -0.101520105816718, -0.107378758769701, -0.118363451734037, 
-0.125041171581402, -0.129710415691877, -0.133937148807564, -0.136664595761254, 
-0.138947650339657, -0.138033377565567, -0.136261865755868, -0.136270286274998, 
-0.136912922968182, -0.136875165095406, -0.135686732725073, -0.130245168956553, 
-0.123698747188409, -0.116352711355462, -0.107140389141389, -0.09173519496231, 
-0.0775975684310565, -0.0529732944047572, -0.0255696966491222, 
-0.000568805601787101, 0.0219868011432353, 0.04501741591321, 
0.0687493508593175, 0.0926755783552449, 0.116417272884948, 0.140236969839728, 
0.164320844742534, 0.188826317796408, 0.213497287853974, 0.237078821398688, 
0.259003486464032, 0.0161388068091519, -0.0190647887754329, -0.0470226453414322, 
-0.0149832859304006, -0.0422012431272445, -0.0495029158671825, 
-0.126027153478955, 0.0702155936832548, -0.00541060491796721, 
-0.11628958637889, -0.102731335845477, -0.0902834510460511, -0.0933500296922007, 
-0.0824673589346021, -0.0734211987569001, -0.0636512179067429, 
-0.0532229648657713, -0.0422536202514272, -0.0310676682370939, 
-0.0206650213209252, -0.0103807063370365, -0.000365992466277456, 
0.00918200320956462, 0.0204039631856971, 0.0320476979672058, 
0.0419579012327366, 0.0509493470892884, 0.0610048551790016, 0.0713518713911888, 
0.069139201742296, 0.0713179719738875, 0.0697289899964578, 0.063755322547232, 
0.0573623201854402, 0.0528843320682378, 0.0494801327179442, 0.0462740310326249, 
0.0420259229697259, 0.0378264953533649, 0.0341102107849032, 0.0311943346646164, 
0.0303321530881786, 0.0300583546635799, 0.0256209759424311, 0.273679107312515, 
0.229514930347978, 0.218951133226807, 0.178367971057158, 0.106066389929376, 
0.0628618894532358, -0.0657806108311379, -0.0696833114621732, 
0.0988347142328737, -0.0999245678005896, -0.106899591868393, 
-0.108961061830362, -0.117721062040484, -0.127977136042441, -0.136601357291381, 
-0.140616254564371, -0.138081116534355, -0.137730072591952, -0.138286249876959, 
-0.140802665072377, -0.142177955440406, -0.141168959919825, -0.137187728753906, 
-0.131426253102726, -0.124921433341758, -0.117252677302791, -0.10880301155425, 
-0.0990832370818567, -0.0864447635181448, -0.0755206053724373, 
-0.0488674143188241, -0.024493632959092, 0.000157455798454165, 
0.0254482545789325, 0.0496984486037426, 0.0734823652293433, 0.097355449278902, 
0.121121184389752, 0.144681032205598, 0.168563493077501, 0.193350726523645, 
0.217741221231667, 0.241538223303664, 0.264998740691846, 0.0207707131484903, 
-0.020102732946676, -0.0423998246536084, -0.0189936238713783, 
-0.0428039050517132, -0.041409287465569, -0.130048973779314, 
0.0680565252049735, -0.00486723047632645, -0.121609663986011, 
-0.106189205301572, -0.0970886986749027, -0.0977163110075867, 
-0.0897020781851961, -0.0785413798820469, -0.0637606078450019, 
-0.051926918487649, -0.0424504349412634, -0.0324596754327781, 
-0.0223421421202312, -0.0107166638265444, 0.0018100593811312, 
0.0133838193289065, 0.0233874705745608, 0.0327763452472507, 0.0414014732737052, 
0.0493814036382936, 0.0569505752237649, 0.0641158589621846, 0.0699189076488602, 
0.0692957217819208, 0.0673793941743824, 0.0664136534571848, 0.0635260922047394, 
0.0590762978549985, 0.0548077719396675, 0.0504336796822804, 0.0454703805218209, 
0.0400488479814769, 0.0347531438296885, 0.0328135309165944, 0.0327637146426435, 
0.0298305535118518, 0.0265634238039975, 0.263123165014799, 0.279522250216461, 
0.27594635270804, 0.254762342580016, 0.128253723645085, 0.0902169230220693, 
-0.110646063857552, -0.0931622758374928, 0.0767171749577696, 
-0.0994302400834369, -0.108416030947115, -0.11601240283766, -0.129760835656025, 
-0.128115294361704, -0.132157741388356, -0.134580213435794, -0.137723504620314, 
-0.140252167408336, -0.14139453493089, -0.141757175463214, -0.142055544050308, 
-0.140658401588932, -0.134936697376175, -0.128922816261825, -0.121634374348534, 
-0.113612090335707, -0.104736325439491, -0.0957475309816352, 
-0.0897541174708126, -0.0806376725001036, -0.0566721211833431, 
-0.033842342384296, -0.0108608754718701, 0.0137945426069148, 
0.0390523369352176, 0.0637416058208346, 0.0879197742701449, 0.112255352573167, 
0.136608144447838, 0.160806152858648, 0.185077612473499, 0.209349517800746, 
0.233582286149826, 0.256750132139844, 0.0229619856881594, 0.00236162222820614, 
-0.0051222663740861, 0.00205553297874033, -0.0199762216012061, 
-0.0364426646935097, -0.0754523219618165, 0.0373332616717822, 
-0.0102788875340424, -0.0996217399318847, -0.0855619642035322, 
-0.0839321802137465, -0.0734945524218412, -0.0717458896793431, 
-0.0609588347684766, -0.0527837866976604, -0.040120867517034, 
-0.0315426561499269, -0.0214251921723783, -0.0103550135103355, 
4.09174903987994e-05, 0.0121635786412393, 0.0181970079034841, 
0.02278774142498, 0.0269428588992951, 0.0318336912112738, 0.037483484625805, 
0.0419676750424441, 0.0433899156446292, 0.0378702118862283, 0.038993018240529, 
0.0396082416113593, 0.0367767868898687, 0.0333717342302842, 0.0315102659693579, 
0.0308064874658749, 0.0301080920380584, 0.0293784561067536, 0.0292187623666882, 
0.0291368345158433, 0.0290985286383333, 0.0290941262434783, 0.028240889833574, 
0.0260833299441514, 0.264450499491183, 0.270079252476513, 0.269945200491156, 
0.230040176295397, 0.125105324442228, 0.0756062728709501, -0.109075221401928, 
-0.09658594859521, 0.0945850788969673, -0.10165812275821, -0.109456939522452, 
-0.119960316580524, -0.127938623611423, -0.130360866229353, -0.126930696276378, 
-0.1310990193766, -0.134759366642299, -0.136633078459504, -0.135877629186825, 
-0.136163549168694, -0.134504006994709, -0.131650779885785, -0.128131761136192, 
-0.123257199815576, -0.118121404527058, -0.113988655573517, -0.1089730901275, 
-0.0986899319711787, -0.0876664673834051, -0.0818979528212263, 
-0.0577364265416297, -0.0335664462043879, -0.00936474640655326, 
0.0150568028038401, 0.0393079883808534, 0.0633639449372544, 0.0874383000946137, 
0.111687156316931, 0.135965074402867, 0.160276426230484, 0.184441866234603, 
0.208325725116351, 0.232375252488644, 0.255997905227283, 0.0215394553860128, 
-0.0128889765252547, -0.0303622506156976, -0.00914094270313655, 
-0.0340177379234898, -0.0530808972365826, -0.0898446758210507, 
0.0482769222493138, -0.00855278043888794, -0.101612527522383, 
-0.094940403583196, -0.0903337621219034, -0.0838075963278721, 
-0.0744736834655048, -0.0654600408004188, -0.0538291542945011, 
-0.0443104080282983, -0.0356568370063143, -0.0251006082471697, 
-0.0148046492482488, -0.00583873739285467, 0.00324268753383147, 
0.0112387351554361, 0.019390385539825, 0.0288021651557591, 0.0363881457835025, 
0.0439725022510862, 0.0513077840165071, 0.0510655701936491, 0.0479218405216142, 
0.0485035131155155, 0.0486770730127366, 0.0475556348965769, 0.0466963965230912, 
0.0472711546627281, 0.0458875267436007, 0.0433937466032819, 0.0411442480386613, 
0.0392695525072721, 0.0375146824302904, 0.0348667105930757, 0.0313784160944431, 
0.0271170107076426, 0.0256348095873115, 0.265988842898205, 0.265233360246943, 
0.262301124524216, 0.222933441873831, 0.122392828219612, 0.0809352529798718, 
-0.10527105043741, -0.0841335016951622, 0.0906034067468537, -0.102008228110491, 
-0.112414119887035, -0.122047764030584, -0.124990084815506, -0.126310428553775, 
-0.132383673962701, -0.134232834629543, -0.137713423809972, -0.140069378886383, 
-0.140931498131797, -0.141421578877047, -0.141438978349281, -0.140299939927978, 
-0.135636912788906, -0.126487669911663, -0.119900256787157, -0.11209967818751, 
-0.10422346756138, -0.092149531857944, -0.0866598049309859, -0.0780355275438895, 
-0.0547220006234936, -0.0309097349021353, -0.00645616257125322, 
0.01778835762354, 0.041821953430722, 0.0658783521807979, 0.0900183812869801, 
0.114164241597952, 0.138352087456335, 0.16259053294197, 0.186840331171967, 
0.210981575035241, 0.23505468636318, 0.259068475192767, 0.0221499315023564, 
-0.00773732857149672, -0.0212144998634817, -0.00428855300147581, 
-0.0360552448582438, -0.0560007263875267, -0.0918638028169972, 
0.0410503990071899, -0.0134490438206365, -0.0960117058711611, 
-0.0941019021297795, -0.0916434573582565, -0.0825056111531951, 
-0.0724894262379013, -0.0667078558532001, -0.0555879247170685, 
-0.0435990174110993, -0.0333882328563173, -0.0238815564933966, 
-0.0128700400972647, -0.00202851531497591, 0.00881307195925007, 
0.0213834987745728, 0.025731276645732, 0.0290013343882378, 0.0332154238548429, 
0.0374380890629243, 0.0415928712935916, 0.0431564368562767, 0.0421324128262305, 
0.0445062375306849, 0.0453219260685842, 0.0448863561350239, 0.0448541123512924, 
0.0451970145589774, 0.0445731864923147, 0.0431438524886129, 0.041634721927924, 
0.0399282916020904, 0.0378391324272311, 0.0356535433691879, 0.0330873388903093, 
0.0304471316073451, 0.028686853192691, 0.243504601585711, 0.259864236225763, 
0.261960652666527, 0.222145738691833, 0.110151685853264, 0.0810124966702422, 
-0.125293951722877, -0.0642788080589215, 0.142948345189121, -0.107842952728236, 
-0.114707273576283, -0.126645659211227, -0.141635391977969, -0.142473612360163, 
-0.142479308898285, -0.146748768698396, -0.145765306275459, -0.144201963655081, 
-0.144931787155241, -0.144562941133305, -0.142649906031313, -0.136581749585327, 
-0.130429272302131, -0.123332843106803, -0.112439852438701, -0.101391867242293, 
-0.0901542135484336, -0.0802209648039914, -0.0745978572259814, 
-0.0734920468607178, -0.0509728938374653, -0.027521917514457, 
-0.00420143583387011, 0.0187869813601729, 0.0421018550481769, 
0.0655564372787635, 0.0891027596817031, 0.113008640680149, 0.137230258213356, 
0.161840338492331, 0.187077459242856, 0.211544352994464, 0.235111611350496, 
0.256606094558003, 0.0303454386565923, -0.000299728093500788, 
-0.0468567290816175, -0.0132061534288819, -0.0565136508351139, 
-0.0547184531495425, -0.0903246841823439, 0.0353716723838507, 
0.00700163346494662, -0.0984621538950909, -0.0964605162196494, 
-0.0975755152280771, -0.0834317319685135, -0.0675161624602301, 
-0.0616013175123578, -0.0507700968107374, -0.03829333754741, 
-0.0287316694449093, -0.0190622436479971, -0.00766848365106385, 
0.00462608948356173, 0.0147707723516234, 0.0152371817634545, 
0.0141709180515906, 0.0160502241484536, 0.0194000440628872, 0.0241628837753038, 
0.0295054772269306, 0.0327967940470318, 0.0343114430595203, 0.0375752635663126, 
0.0405379541436014, 0.0438978088601022, 0.0467942835129728, 0.0488364313560676, 
0.0506752583372366, 0.0521106211698378, 0.0530535500598496, 0.0528972175321092, 
0.0520222061835581, 0.0493015934585038, 0.0438317785377334, 0.0365946145489353, 
0.0256134734144697, 0.256259060188982, 0.283648107926477, 0.273272983889545, 
0.227161585878558, 0.13783144278002, 0.0870691797478978, -0.122655100225939, 
-0.0956709763578321, 0.115981048876429, -0.0937963260462946, 
-0.111753557054425, -0.122180580171482, -0.132274778374036, -0.138559091348866, 
-0.138104757596231, -0.140363082974171, -0.143718109138454, -0.138968728205421, 
-0.13624680065155, -0.13617262220804, -0.133307214974266, -0.128116357637376, 
-0.123631739955218, -0.119815571351596, -0.115411350061186, -0.112847508343899, 
-0.106587549063476, -0.0976639670148335, -0.0857110803037933, 
-0.0825219314037755, -0.0574859241562324, -0.0334474307907819, 
-0.0106178992550947, 0.0132767037581708, 0.0378758174786736, 
0.0623167465859051, 0.0861463074106913, 0.109958119740832, 0.133952896088942, 
0.158049106867521, 0.182167798255551, 0.206430865330025, 0.230918380082572, 
0.255313883777475, 0.0293950396251888, -0.00875050925171291, 
-0.0424153918014895, -0.0159151320912241, -0.0357571027382241, 
-0.0475137098184562, -0.0725155096344819, 0.0383882924853668, 
0.00232389951846485, -0.0937375898391865, -0.0895695165410711, 
-0.0844673602382693, -0.0787624524953526, -0.0701537676786215, 
-0.0615947248297723, -0.0535789160853678, -0.0432886183913168, 
-0.0347363618721505, -0.02279663287415, -0.013273957149699, -0.00586657848891712, 
0.00427922668239273, 0.0131817417922501, 0.0202082645673181, 
0.0278993927081066, 0.0354406557681391, 0.0415811977122149, 0.0456375876075242, 
0.0473881654927677, 0.0366668195708148, 0.0359286928758157, 0.0398259137478879, 
0.0398179418823425, 0.0383792613137198, 0.03747428852043, 0.0380320182698792, 
0.0390526767989151, 0.0392681963557085, 0.0393725227058743, 0.0391005493916623, 
0.038745884670176, 0.0381564377096323, 0.0371676228457841, 0.0319815412010869, 
0.249999202024141, 0.275860258005479, 0.266808844204513, 0.214960221626263, 
0.143236125260512, 0.092638370059648, -0.116493887619075, -0.0709865474523441, 
0.122766308996624, -0.100916654087081, -0.120033216960002, -0.124118609054722, 
-0.124898474173309, -0.137853984324206, -0.152414614717716, -0.15341553592232, 
-0.147273017283088, -0.147609486543435, -0.151468215628058, -0.145091108816585, 
-0.138909553529962, -0.132200636845284, -0.126824610782706, -0.12093472530566, 
-0.114638183198912, -0.108955775026744, -0.101162939657274, -0.0893393376741071, 
-0.0806454763505112, -0.0797203500694257, -0.0559505937013504, 
-0.0316524455304376, -0.00694095371662536, 0.0182772861141779, 
0.0422238046349383, 0.0657069079155052, 0.089251691076486, 0.112975116507016, 
0.13687969223086, 0.160876755307889, 0.184830954740828, 0.208886399201801, 
0.234382063778063, 0.2598889322862, 0.0369667173626085, -0.00141969256644233, 
-0.0437603905241589, -0.0120550256007687, -0.0328323255691321, 
-0.0491310123133685, -0.0718643938878674, 0.034431571723996, 
0.00263272664580414, -0.0788508381250558, -0.0772340951441635, 
-0.0832589686810039, -0.0825739049882964, -0.0816983412614143, 
-0.0680350816580395, -0.0474718479748512, -0.0378318140050194, 
-0.0329197104530011, -0.0195930512888906, -0.0071467790445721, 
1.73629317308777e-05, 0.00665514709511509, 0.0144920295615498, 
0.020769869567749, 0.0256991167587056, 0.0279019762993025, 0.0287586997561728, 
0.0306106713984202, 0.0341735179207966, 0.0354502978833401, 0.034111264074535, 
0.0338118935924338, 0.0328583728064333, 0.0339063654893301, 0.036076032010706, 
0.0377442531976145, 0.039063093217176, 0.0398787267898376, 0.0404140543763486, 
0.0407604848836401, 0.0408689015380988, 0.0418267042875622, 0.0419672896142897, 
0.0358301323027488, 0.25055863614921, 0.266362713396366, 0.273954845251545, 
0.221248524367189, 0.155751191423548, 0.108846349511181, -0.10840435534544, 
-0.110176326296317, 0.168164762722064, -0.0959825218819398, -0.1157810283153, 
-0.125309376442701, -0.125880961238773, -0.128457896269766, -0.13589527983332, 
-0.137486435802245, -0.136143347801876, -0.133279489539008, -0.133736727524424, 
-0.135094103148721, -0.135697325145302, -0.135042702850856, -0.132731022020333, 
-0.127924854245758, -0.123690992093975, -0.117502254915088, -0.110747251956511, 
-0.104886317396486, -0.0868118613534773, -0.0856356332144745, 
-0.0598987284599312, -0.036339143390206, -0.0128976590493774, 
0.011273042430769, 0.0356304064250465, 0.0596428902703965, 0.0834504989732458, 
0.107436340347872, 0.131577364942602, 0.155772258262217, 0.179947039034795, 
0.20403729185076, 0.227615331429067, 0.250164108743734, 0.0221753563171676, 
-0.00797021896660151, -0.0478998619321367, -0.0224485860811073, 
-0.0462125198523854, -0.0671482010060818, -0.0653340080374597, 
0.0385949628385988, 0.000411012684243564, -0.0752869154039509, 
-0.0766315381513044, -0.079304835420841, -0.0815831731639178, 
-0.0726068890120408, -0.0633104389715229, -0.0557849631222196, 
-0.0470165927713968, -0.0373533656886153, -0.0245943282600228, 
-0.013724007107871, -0.00413043177529417, 0.00423160640728991, 
0.0123641141140643, 0.0204228874208624, 0.0285012993789245, 0.0359106023485756, 
0.0405225318484448, 0.0456146906284103, 0.0475439169862281, 0.0367741411541963, 
0.0376298004779363, 0.0421326524939874, 0.0426945669132901, 0.0420158850716791, 
0.0418485973369755, 0.0430628068751448, 0.0435832482476007, 0.0436933053149242, 
0.0425767253656748, 0.0407851822930698, 0.0387198385968158, 0.0364497903746494, 
0.0332632977930021, 0.0268180554430139, 0.23298631514116, 0.273034237227806, 
0.270617114582119, 0.220773779853784, 0.136791840129164, 0.0842630863720391, 
-0.12498558436793, -0.0596144204733494, 0.126408541028598, -0.105043990301753, 
-0.111262813546938, -0.124891543301519, -0.147534457574101, -0.145866362688861, 
-0.143948460896138, -0.144402765860839, -0.146768525078873, -0.145765298129506, 
-0.143452897241002, -0.139623854272517, -0.136109957779783, -0.131089706789601, 
-0.1259817854326, -0.119914622964035, -0.113077019140855, -0.105586655402906, 
-0.0971746749818804, -0.0880882901833262, -0.07851274632438, 
-0.0712635978929533, -0.0535611751216321, -0.0310784395584843, 
-0.00683744629894981, 0.0178468303257726, 0.041183836360158, 
0.0646283653370943, 0.0878951835804857, 0.111076733501789, 0.134470108556222, 
0.157908229937645, 0.1817265418378, 0.206627152853747, 0.232919158878887, 
0.260280036100441, 0.0388759556160322, -0.0100011037579304, -0.0454774581658872, 
-0.0100981825946075, -0.0368896381424041, -0.0422203033875106, 
-0.0949805722246087, 0.0392770503364771, 0.00522288125797178, 
-0.103988054678407, -0.101181841876225, -0.102209062666003, -0.0868407604966707, 
-0.0644453458601779, -0.0577248190281799, -0.0514464440888597, 
-0.0405416784452784, -0.0285745664453806, -0.0177101191618859, 
-0.0081284282482148, 0.00112622424276505, 0.00922660277563401, 
0.0165288554057709, 0.0224620814058622, 0.0263706327361131, 0.0287721159296011, 
0.0309535125160703, 0.033096688785884, 0.0353562867674155, 0.0405518966969141, 
0.0419263477090583, 0.0407207007255872, 0.0379623522800896, 0.0389155137478542, 
0.0400207246596353, 0.0406555422054795, 0.042206829788628, 0.0437373090689438, 
0.0445040370137849, 0.0454264157160403, 0.0459687829971839, 0.0456462229363078, 
0.0412493606317315, 0.0256974553153955, 0.263699121358708, 0.286500716973031, 
0.286565594437068, 0.259587341339807, 0.113566493003075, 0.0712590605620004, 
-0.101815122079214, -0.124671921187269, 0.106759859781085, -0.102088135713007, 
-0.113276500484145, -0.120284559433897, -0.123854649136701, -0.123176387275859, 
-0.11581397526777, -0.115924772435921, -0.12012807880692, -0.12344002397359, 
-0.123688529397696, -0.124552631662583, -0.126093437632736, -0.128325207117267, 
-0.12972677540654, -0.128412570609164, -0.127833676172764, -0.126284707503547, 
-0.128304237565656, -0.117380717945708, -0.0936897320902713, 
-0.0859464528509338, -0.0598144675124878, -0.0358876868841164, 
-0.0125472031929014, 0.0113233577462004, 0.0354107568607075, 
0.0596679377475741, 0.083591662027935, 0.107214903217468, 0.131473886475825, 
0.155659233737181, 0.179823216926771, 0.203731059298532, 0.227121122830279, 
0.250006835015418, 0.0157732098882737, -0.01540622283959, -0.0268042446771825, 
-0.0160307612163224, -0.041170767480931, -0.0507775218154458, 
-0.0733038039906448, 0.0448618262291292, -0.00728969323019287, 
-0.0992040880932815, -0.0904047944210802, -0.089431827493229, 
-0.0820442523248756, -0.0797113652378019, -0.067428008268368, 
-0.0516119617159399, -0.0400346022905827, -0.0333009928553898, 
-0.0239986855211193, -0.0135093585149938, -0.00302054488022272, 
0.00825218023840967, 0.0205768437834448, 0.0253394924808752, 
0.0297851080679483, 0.0323363442556361, 0.039567094937505, 0.0596858586380198, 
0.0511773540694071, 0.0420139111738199, 0.043284641888348, 0.0490523416969542, 
0.0507259168614458, 0.0492207079776066, 0.0471442296624228, 0.045952733717682, 
0.0431797778933337, 0.0388676367341075, 0.0356020017077942, 0.0324823446093345, 
0.0296745058264225, 0.0269262490747117, 0.0237197444867654, 0.0192814409677964, 
0.258506030738891, 0.274962020963739, 0.259647342327088, 0.211712622856114, 
0.135131412781522, 0.0775367004962879, -0.124770952184179, -0.0767342129385536, 
0.104912765151008, -0.100757223986429, -0.113848151925145, -0.122008066246625, 
-0.141455180480079, -0.144721821074739, -0.139738737218277, -0.138383340791762, 
-0.14370886924366, -0.145628279520669, -0.142170238930149, -0.138727529567358, 
-0.133574342953606, -0.129918532845014, -0.124727010841027, -0.119262874038827, 
-0.11480021173476, -0.108305482849337, -0.0989206654004351, -0.0894128661255627, 
-0.0811554344291351, -0.0780649450735584, -0.0542337157751824, 
-0.0311352365249396, -0.00747870738077176, 0.0170201232451479, 
0.0414027294501795, 0.0657457334928152, 0.0897503374998745, 0.113671674176107, 
0.13774599203424, 0.161813944360571, 0.185871293856496, 0.210437529088109, 
0.236864093063547, 0.260910284498044, 0.0342744722338768, -0.00838382842992284, 
-0.0447188371745669, -0.0108387484590773, -0.0345385634104495, 
-0.0480317067452332, -0.0858691063442884, 0.0394373547088666, 
0.000959423554339887, -0.0919699928183004, -0.0909182097488025, 
-0.0992765250923327, -0.088062777774423, -0.0684527062364549, 
-0.0586734015425554, -0.0521180109478307, -0.043110504035142, 
-0.0311196516579684, -0.0206033408133618, -0.0113161763331754, 
-0.0029194781017036, 0.0061782732012152, 0.0131617775425276, 
0.0213000559863855, 0.0271554749364874, 0.0294220715433592, 0.032583356571292, 
0.036217562529591, 0.0391957709527193, 0.0390159402768222, 0.0412939184651356, 
0.0426550514278981, 0.0411232442609615, 0.0403142036060827, 0.0398551388415056, 
0.0399825488880297, 0.0408804087378495, 0.0415462471505899, 0.041749947885047, 
0.041935405489186, 0.042555703271452, 0.0432227678094446, 0.0420578088435336, 
0.0328476369513907, 0.258515408554752, 0.275912889713959, 0.272154112542118, 
0.246633730073615, 0.119779185135734, 0.0753406778046736, -0.113724567039161, 
-0.0802408398588929, 0.0802654483998146, -0.107386751746506, 
-0.114296543969158, -0.12140855787059, -0.123455538554541, -0.127373207134968, 
-0.133250946682073, -0.136451626795853, -0.136745849853674, -0.140175268854362, 
-0.144546287917585, -0.148573342419606, -0.147195038362606, -0.14090647710098, 
-0.133784811807999, -0.125735935425573, -0.117354585224616, -0.107743354362621, 
-0.0985161556515011, -0.0899036237418546, -0.0819766181859714, 
-0.0778771367151447, -0.0552347480622922, -0.0320142244484575, 
-0.0079637791310401, 0.0163703472460843, 0.0409011037762144, 
0.0652880312807883, 0.0893959567227532, 0.11351275484468, 0.137688589276443, 
0.162005784339532, 0.186291584413248, 0.210501791253686, 0.23447465498493, 
0.258803766554605, 0.0270218040997029, 0.00472827461013028, -0.0040795712584833, 
0.00320584558789618, -0.0308892618011366, -0.0511738275518243, 
-0.0899802916244358, 0.0399222050890514, -0.0128469704180423, 
-0.0966695439719708, -0.0958749132292811, -0.0874747214666208, 
-0.0779388869553122, -0.0691498715610966, -0.0612722263647794, 
-0.0518194829872872, -0.041179008955627, -0.0310096839290708, 
-0.0224907163054463, -0.0106503017507731, 0.00305120067435261, 
0.0133783656693895, 0.0196926736873555, 0.0235473851329761, 0.0264412480184409, 
0.03013929518988, 0.0344623487856074, 0.0380007850206409, 0.0404615057301841, 
0.0407918191369664, 0.0426616292480111, 0.0415976859018811, 0.0396068745108881, 
0.0374851755192233, 0.0357439288288964, 0.0348248207445064, 0.0339711901970842, 
0.0332503656095565, 0.0324668485462953, 0.0317892388866794, 0.0319688873698834, 
0.0322738994230606, 0.0318114985610858, 0.0302024803515613, 0.238368294703313, 
0.260068697947773, 0.26314502509919, 0.230330190922049, 0.120802133555254, 
0.0774382882501229, -0.124921590379439, -0.0562385651112991, 
0.126140328847447, -0.102689821723499, -0.110504954557197, -0.13029005595853, 
-0.138775310929257, -0.146767811966057, -0.149342164365834, -0.14897938478561, 
-0.150353104840676, -0.149302048652294, -0.147107515816993, -0.143529592295179, 
-0.141892677252935, -0.134753908069067, -0.126204975896656, -0.118935221907883, 
-0.109261091967423, -0.0996049165792467, -0.0906344546218338, 
-0.0825750327073518, -0.0762069977340102, -0.0759734538928116, 
-0.0503917916858422, -0.0270285981362004, -0.00411980270782895, 
0.0192153690670372, 0.0428682315190785, 0.0662378549003583, 0.0895391703076901, 
0.113163876506023, 0.137346752584176, 0.161768743570894, 0.186172348778874, 
0.210715587776547, 0.235826055701628, 0.257237894503497, 0.0332820051737495, 
-0.00270756176633859, -0.031499657114994, -0.0106058186180641, 
-0.0529722513191452, -0.0558032350765871, -0.0920698910752925, 
0.0375572122869171, 0.00254427491049782, -0.0969530356096296, 
-0.103030772419552, -0.0968301832671329, -0.0845084432941244, 
-0.0738750282740063, -0.0597464181851737, -0.050117416052042, 
-0.0389167821290325, -0.0264013532393446, -0.0154724665788141, 
-0.00342387307783517, 0.00239426632918415, 0.0122616671985217, 
0.0140130788107609, 0.0155632397480452, 0.0183528552117197, 0.0224758827080379, 
0.0268871629576123, 0.0306304755154105, 0.0330330937909517, 0.0351245104451056, 
0.0380989423015182, 0.04127900791283, 0.0433613174330483, 0.0442908314669746, 
0.0453630711411731, 0.0471455156753311, 0.0486609918826559, 0.0498077507687755, 
0.0499712857837114, 0.0489232993628298, 0.0468628053395349, 0.043685981218546, 
0.0377212822004102, 0.0256423795232556), .Dim = c(44L, 2L, 24L
)), ID = 1:24, Binom = structure(c(6L, 13L, 7L, 8L, 9L, 11L, 
1L, 3L, 2L, 4L, 10L, 5L, 16L, 20L, 21L, 12L, 22L, 18L, 14L, 17L, 
24L, 19L, 15L, 23L), .Label = c("Amblysomus_corriae", "Amblysomus_hottentotus", 
"Calcochloris_leucorhinus", "Calcochloris_obtusirostris", "Carpitalpa_arendsi", 
"Chlorotalpa_duthieae", "Chrysochloris_asiatica", "Chrysochloris_stuhlmanni", 
"Chrysospalax_trevelyani", "Chrysospalax_villosus", "Cryptochloris_wintoni", 
"Echinops_telfairi", "Eremitalpa_granti", "Geogale_aurita", "Hemicentetes_nigriceps", 
"Hemicentetes_semispinosus", "Limnogale_mergulus", "Micropotamogale_lamottei", 
"Micropotamogale_ruwenzorii", "Oryzorictes_hova", "Oryzorictes_tetradactylus", 
"Potamogale_velox", "Setifer_setosus", "Tenrec_ecaudatus"), class = "factor")), .Names = c("meanshape", 
"ID", "Binom"))
