structure(list(meanshape = structure(c(0.266390820032725, 0.234039903478945, 
0.219862301182353, 0.184657291430275, 0.108792894034017, 0.0650604553847362, 
-0.0678311195818957, -0.0671193489268171, 0.0991367648612381, 
-0.11186643697712, -0.115245611931682, -0.11095215100748, -0.122027455893993, 
-0.132090503444178, -0.137466220361163, -0.140303609089481, -0.142610152584197, 
-0.143606607027224, -0.143003602115735, -0.141526174011766, -0.140724271369735, 
-0.140143206495988, -0.137999691827417, -0.133411387718891, -0.126556463218506, 
-0.117224163842458, -0.10545600218898, -0.0932785743438158, -0.0816986222413478, 
-0.0661994947935747, -0.042177833844393, -0.0186546267347742, 
0.00457856218536925, 0.0286329364974557, 0.0526221625209335, 
0.0760801449857123, 0.0989952578063417, 0.121657397315676, 0.14449368856754, 
0.167492244564102, 0.191152699748252, 0.214900572663861, 0.238089843147859, 
0.262537391165224, 0.0166934246493919, -0.0161110403414395, -0.0417866543608878, 
-0.0197131833384346, -0.0504805787053643, -0.0531997764475854, 
-0.134800318126697, 0.0685970632019838, -0.0144442454915145, 
-0.123040686756092, -0.102711411198481, -0.0944255723923482, 
-0.0895663511738305, -0.0849191277037443, -0.0731342330271661, 
-0.0634752662069664, -0.0530833302470965, -0.0421552715491406, 
-0.0311289831097657, -0.020556636916697, -0.0104017751381849, 
-0.000372305065527736, 0.0105763200647805, 0.0219648470899132, 
0.0331161008329424, 0.0439844750640926, 0.052744274216321, 0.0590824617415142, 
0.0634650519274849, 0.0685408428758302, 0.0677191832051322, 0.0653633264695625, 
0.0640606394416016, 0.0620124169872454, 0.0588116635213194, 0.0544787709163939, 
0.04964134997842, 0.044833831899131, 0.0406375597453393, 0.0367224137716562, 
0.0343051180211846, 0.0350924786247025, 0.035027710862178, 0.032035422188842, 
0.246859345099649, 0.229990261864851, 0.21777709724661, 0.185137434925381, 
0.118430727525579, 0.0722675158204253, -0.0600333642946301, -0.0510242803722779, 
0.108517032225291, -0.110909111221352, -0.119613421572756, -0.117477883633171, 
-0.127938501662513, -0.140305235015285, -0.143639715884641, -0.144990999710224, 
-0.143918783627358, -0.142675187480605, -0.141533368247733, -0.141783488445375, 
-0.141229505926455, -0.139475123782262, -0.135451369528923, -0.128935364112021, 
-0.121910835370525, -0.11362456177662, -0.106654766879551, -0.0959290359741028, 
-0.0792921089234852, -0.0694178455650241, -0.0411116927707487, 
-0.0160864284831248, 0.00815334901914649, 0.0324065549329456, 
0.0554985490076864, 0.0779000002450275, 0.0999656949294062, 0.12171486820723, 
0.144090174930413, 0.166812874820227, 0.189856472584565, 0.21304059935171, 
0.235126968424726, 0.251416459099896, 0.0196614045794243, -0.00508965012334888, 
-0.0414975693243895, -0.0212704020924662, -0.0562497842775711, 
-0.0645169201308688, -0.144205091221056, 0.0734998903483793, 
-0.0180429459941247, -0.128550090431758, -0.10646866554616, -0.100677260979761, 
-0.102928420440433, -0.0898553685299735, -0.0729679899223495, 
-0.061851602798123, -0.0507779853018659, -0.040587220127695, 
-0.0307450160485013, -0.0208862780130769, -0.0100072148566178, 
0.00140155952062812, 0.0132268595761513, 0.0234155320931368, 
0.0335988303197574, 0.0411904694290845, 0.0489157099444925, 0.0593186849041799, 
0.0683799802138413, 0.0733466040643373, 0.0749007098982263, 0.0732265974201753, 
0.0711923084364818, 0.0672447475584745, 0.0621764135371772, 0.0567639477531532, 
0.0511133785367465, 0.0456036724082074, 0.0416561581490939, 0.0382347442694833, 
0.0354195407170665, 0.0364606860358205, 0.0321404714672338, 0.0250865749793866, 
0.261147637704112, 0.23470334542093, 0.219608382462368, 0.185563271036896, 
0.112759229772009, 0.0718596857932037, -0.067583369987302, -0.0656095402869584, 
0.106832293310437, -0.112439667865004, -0.119624835588658, -0.114825340776738, 
-0.122073194988634, -0.132986974618452, -0.140409849929931, -0.14132781929439, 
-0.14183028367635, -0.1418184910428, -0.140588420174501, -0.13924257654264, 
-0.138416327024469, -0.137990836685426, -0.135569642867318, -0.130822619823449, 
-0.124243752552017, -0.116251418850779, -0.106861468680522, -0.0975306175172999, 
-0.0844940875372611, -0.0690744395232501, -0.0423799937570743, 
-0.0181357854090892, 0.00607234259989719, 0.0301395966638991, 
0.0531796175271082, 0.0756521164804749, 0.0976482909573859, 0.120074956367945, 
0.142834038726815, 0.165882084710232, 0.189738465603547, 0.213286688433949, 
0.236645953384895, 0.258503358044209, 0.0215836166113248, -0.0124006949640115, 
-0.0431200722198069, -0.0216420056082657, -0.0554899587763869, 
-0.0613903084213935, -0.134491961854752, 0.0718885429863616, 
-0.016861990099409, -0.12588749288542, -0.102943869492879, -0.0944516694302939, 
-0.0901046314380107, -0.088131966475, -0.0737277516844245, -0.0617283893197983, 
-0.051777921694365, -0.0413288620555493, -0.0306271751112592, 
-0.0200571307709965, -0.0101702952199986, -9.11785046129943e-05, 
0.0107627587727455, 0.0216479242825646, 0.0316356705759874, 0.0415151272059355, 
0.0495282807323241, 0.05749612756074, 0.0657904016018503, 0.0734795554220331, 
0.0731980063181861, 0.0704862431961508, 0.0682695293878119, 0.0639067968897033, 
0.0590529300026359, 0.0532976803503166, 0.0475880203055829, 0.04302361313836, 
0.0389260571865404, 0.0352127233285779, 0.0335001303075451, 0.0368926553243297, 
0.0367159386792666, 0.0310269958597592, 0.265894120368798, 0.238073779625779, 
0.223110952383027, 0.184745052683712, 0.113530411796655, 0.074093984571235, 
-0.084595773148591, -0.066367103235506, 0.097331030966579, -0.113964979168507, 
-0.123628323330519, -0.121556417885152, -0.126547309381368, -0.134698197271197, 
-0.138606866269086, -0.141661284172985, -0.143512564355397, -0.14356200456871, 
-0.142309930436234, -0.140579356266827, -0.1382141743724, -0.135917304675819, 
-0.132482105825544, -0.127109751783141, -0.119049134794967, -0.110327654842711, 
-0.101007977009711, -0.0907693619428976, -0.0798459466226131, 
-0.0676159484955762, -0.0442389723523877, -0.0209356575783806, 
0.00271997605102595, 0.0264715364188397, 0.0506195862260505, 
0.0749345589157831, 0.0982810996573965, 0.121411050070065, 0.144857194468419, 
0.168066134892084, 0.191035954983391, 0.214355709582205, 0.238704204959228, 
0.260867761165954, 0.0185630126085044, -0.020056879606202, -0.0485449668844396, 
-0.0229365386297349, -0.041739695192912, -0.0476292242036983, 
-0.130783984409015, 0.0611757103599877, -0.0100213458634619, 
-0.1209135608887, -0.104508949501375, -0.0948518910368513, -0.0879565841138261, 
-0.0821856076795682, -0.0709558738889485, -0.0614092242437754, 
-0.0506069205083345, -0.0395180863735589, -0.0289159235446685, 
-0.0184687010530883, -0.0083616631209874, 0.0019305781452683, 
0.0117368529528845, 0.021878214637351, 0.0308782706822578, 0.0383544710086517, 
0.0453145493468185, 0.0512075981731112, 0.0563691193963567, 0.0615624127271237, 
0.0605256271866768, 0.0600703271530178, 0.0599358389682329, 0.0593827728638026, 
0.058651318201604, 0.0560097988085489, 0.0524476838839553, 0.0494355857208622, 
0.0464297539680591, 0.0425970532749789, 0.0391174518944693, 0.0382735569146863, 
0.0387323129621784, 0.0297857489037577, 0.266037701893574, 0.248528636008747, 
0.237333952948438, 0.19873857984717, 0.124621185015362, 0.0820442566707423, 
-0.0781677779982066, -0.100688964266334, 0.116956858748344, -0.111768752099997, 
-0.116945545514392, -0.113239255729899, -0.111807041775434, -0.12168550733499, 
-0.122679534635122, -0.129325691310475, -0.134291776103084, -0.132752609610179, 
-0.131145519268987, -0.131626120110442, -0.13262268031369, -0.133082349140504, 
-0.133291696635481, -0.131943906085192, -0.13198348858787, -0.132725456919776, 
-0.126371279608602, -0.110099863474571, -0.0875750122878401, 
-0.0735443589688598, -0.0500819629461235, -0.0245541274238602, 
-0.000189887321320582, 0.0230751716725449, 0.0462085333935665, 
0.0692770222985288, 0.0923453454649417, 0.1153726826928, 0.138534940293607, 
0.161951460787369, 0.186007768228851, 0.209887529640441, 0.233030023960229, 
0.254238515905977, 0.015191569828862, -0.0307262377271674, -0.0566536652297885, 
-0.0301680319946185, -0.0500350918076801, -0.0534038043802957, 
-0.125440094855636, 0.0717886238522247, -0.00874941302466994, 
-0.113436995908915, -0.102310880438618, -0.0986553855517034, 
-0.0824666531681684, -0.0721276573305612, -0.0652174063632861, 
-0.0545077658520248, -0.0480955395703912, -0.0419659463840417, 
-0.0313451815938314, -0.0192609990258477, -0.00932569699769287, 
-0.000424266404843981, 0.00767557944794667, 0.0151779228082309, 
0.0210805290685076, 0.0328572568486334, 0.0505571595610235, 0.0666603778282958, 
0.0714710078805956, 0.0706144786971414, 0.0706111673081984, 0.0694844746880767, 
0.0652200033892433, 0.0613226407886675, 0.0567994209436871, 0.0524452170841342, 
0.0479886968826896, 0.043579745582393, 0.0395320916160007, 0.0359252012433541, 
0.0334278281656713, 0.0337680158361389, 0.0318427343460747, 0.0292949699139908, 
0.258295003525277, 0.235551875253006, 0.224099470979759, 0.187832946308386, 
0.117370388989935, 0.0751836719181495, -0.0601481341763789, -0.0654247124285753, 
0.0992698271892449, -0.109089691948649, -0.109632344841334, -0.115626041209005, 
-0.126870118962719, -0.133575876019995, -0.138159067550044, -0.139895790994818, 
-0.140962072020458, -0.141898090535284, -0.141388516369463, -0.141317066849316, 
-0.142924933847188, -0.141648772706582, -0.138439001555149, -0.131811835972464, 
-0.124253323021566, -0.116036680433647, -0.104907890734953, -0.0950947824594184, 
-0.0847966448970548, -0.0719032411927697, -0.0481450156955739, 
-0.0222835636872042, 0.00567987213114257, 0.0321854149914371, 
0.0555326052437501, 0.0783501758674439, 0.0998542370892287, 0.121132404714406, 
0.142664692486791, 0.164861682749968, 0.188326054163073, 0.212816605736704, 
0.235069524538111, 0.252156756233798, 0.0119555179163264, -0.0144666034219125, 
-0.0377080654968767, -0.0191160638610148, -0.050052010552353, 
-0.0563654251207451, -0.138781784379312, 0.0714015829554724, 
-0.0148672928223592, -0.12053248583699, -0.102894975543075, -0.0945151868059878, 
-0.0997748212423853, -0.0849438057867384, -0.0741503902383682, 
-0.0638511727728206, -0.0536989832165786, -0.0430434692317724, 
-0.0325292140202637, -0.022735955329379, -0.0121363967032285, 
-0.000343121867465744, 0.0116728842638995, 0.0231634436911856, 
0.0322916855792174, 0.0420281059964158, 0.0502808993679294, 0.056037736214897, 
0.0624210192609144, 0.0697087249440173, 0.0743044412038777, 0.0765847556816083, 
0.0772942714365107, 0.071941682947464, 0.0664737446126154, 0.0597705551457671, 
0.052326524851485, 0.0455907977515248, 0.0391264438160695, 0.0334776362148121, 
0.0286838849987035, 0.0277675553155193, 0.0283915354075777, 0.0238117946758159, 
0.265143406160647, 0.248766795740473, 0.232168948888929, 0.191686809758008, 
0.11740434331544, 0.0860536321723921, -0.0687349767419728, -0.0850599362144793, 
0.108934330366051, -0.102969353397998, -0.102926260485707, -0.114409778456105, 
-0.124862912392383, -0.129381817588642, -0.131468401277131, -0.134468758891589, 
-0.135975959140865, -0.136379002331228, -0.136707297012226, -0.13906581748621, 
-0.141457059537612, -0.143508424217373, -0.142853408334095, -0.138512599987777, 
-0.131684811279825, -0.122494036291516, -0.113074752960185, -0.100994039673577, 
-0.0880118940265402, -0.0712696697135699, -0.0452364453164287, 
-0.0207476138075652, 0.0011940427288247, 0.0246474671417643, 
0.0485452056015245, 0.071897559084939, 0.0952288274311335, 0.11847548779481, 
0.141516747619073, 0.164622023527293, 0.188040157894753, 0.211648121175902, 
0.234040466319866, 0.252240653840774, 0.0106495563199302, -0.0305694088079403, 
-0.0583795329278929, -0.0238689097078498, -0.0368248891378272, 
-0.0404113784936974, -0.132025550406355, 0.0670503909845013, 
-0.00130729004687579, -0.106914265813516, -0.0981047378425158, 
-0.0856415870727804, -0.088524740080382, -0.0809388488227367, 
-0.0718822093230252, -0.0629760466640107, -0.0534410607729381, 
-0.0433176031394949, -0.0322804961453744, -0.0220947994170184, 
-0.0132286951380097, -0.00351624065110026, 0.00842308239829114, 
0.020734822526625, 0.0329394508231931, 0.0428480763598066, 0.0519797514723331, 
0.0604330153460595, 0.0665257363769268, 0.0679055884996086, 0.0677080009039449, 
0.0634399261824707, 0.0601644334469119, 0.0592043361504259, 0.0559639971173709, 
0.0528585461747296, 0.0494187744192936, 0.0457765577583049, 0.0416949512459599, 
0.0379917809747168, 0.0346877112469124, 0.0333584225934019, 0.03078119997263, 
0.0237101811169931, 0.261429197071156, 0.236760149922337, 0.224325825575833, 
0.188207147129128, 0.118709516905548, 0.0763561531509649, -0.0791869967376598, 
-0.0715156655825607, 0.099616317583366, -0.111830210626512, -0.12252896698782, 
-0.120782860929513, -0.123433520167895, -0.132759140078089, -0.136507039745479, 
-0.13963535580856, -0.141639998197586, -0.141822741502278, -0.140432476284971, 
-0.137741844578215, -0.134495976632584, -0.132685705116755, -0.130554681852264, 
-0.126837508270147, -0.121357817044851, -0.1141554456138, -0.106887740520306, 
-0.0966223987457753, -0.082854440467497, -0.0725287568356261, 
-0.0477907915060517, -0.0221406732283088, 0.00320685899974244, 
0.0279293400862583, 0.0518139557355244, 0.0752494451081331, 0.0984473082902003, 
0.121431092738057, 0.144372395421405, 0.167216508112688, 0.189816266599247, 
0.213146251705426, 0.236185375589257, 0.254509647336831, 0.01128792284178, 
-0.0202964916734957, -0.0480053148237773, -0.0254151233909598, 
-0.0529648001182764, -0.0548121134095131, -0.131531781491298, 
0.0643638597563539, -0.0194456504892775, -0.121012490748125, 
-0.105956809988925, -0.0948976211281903, -0.0865983294245888, 
-0.0829897869036286, -0.0711980311920416, -0.0618832720277279, 
-0.0515646673345485, -0.0408414804588088, -0.0302214064201182, 
-0.0200967137417879, -0.0102467911219495, -0.000407886236095741, 
0.00894571404193089, 0.0184138578143489, 0.0282320124906938, 
0.0366973876788679, 0.045323065636492, 0.0545859338194321, 0.0622008247256231, 
0.0652642412234892, 0.0692391602240442, 0.0705525986830937, 0.0700650403450356, 
0.0675650949693253, 0.0643269679854404, 0.0605819454118837, 0.056502097356154, 
0.0521001823633318, 0.047695518992286, 0.0429478324784874, 0.0381746744157395, 
0.0361924736052448, 0.0334005040732734, 0.0257276511907817, 0.260491824769645, 
0.236110692188411, 0.222015900584654, 0.18560116587415, 0.119507835839936, 
0.0865833950723283, -0.0644780661363309, -0.0700486884514209, 
0.11115332296514, -0.110127354740802, -0.113995420998807, -0.115896453639196, 
-0.126564579075152, -0.133110094015482, -0.136201494018396, -0.13883072129805, 
-0.141077662809801, -0.141777127272989, -0.141089280305386, -0.141884122496784, 
-0.143351953386416, -0.143268379212804, -0.141097906687396, -0.136758594196076, 
-0.128509295577798, -0.11754377733102, -0.106295356542167, -0.0934522215970289, 
-0.0808148542834672, -0.0660573788116706, -0.0427315007790359, 
-0.0195317873244355, 0.00366359571484914, 0.0269061247652289, 
0.0505242627502058, 0.0741070295455463, 0.0971428785922409, 0.119835633422918, 
0.142679350173704, 0.165742321622724, 0.189119148593586, 0.212394092837589, 
0.235328253005638, 0.255587242669418, 0.0114562703168238, -0.0204064637269915, 
-0.0423529935953143, -0.021060924040544, -0.0434500679283023, 
-0.0462460184148811, -0.133042063503661, 0.0673783204186345, 
-0.00749769112253743, -0.12184517784415, -0.102903044095753, 
-0.09433308813116, -0.0936081497543468, -0.0825124160798444, 
-0.0723738100078543, -0.0631035922512524, -0.0527899597120478, 
-0.0419577558514612, -0.0315752255099616, -0.0219312725788207, 
-0.0116277042387956, -0.000393543699962094, 0.0110363996665132, 
0.0233646960811785, 0.0362265745355371, 0.0461158169388758, 0.0541824313734273, 
0.0605808784747217, 0.0644584752995471, 0.0676905020384717, 0.0655111208051543, 
0.06361674432074, 0.0611790544022338, 0.0591705128129539, 0.0568347007485554, 
0.0534624120403406, 0.0490956071387668, 0.0447375985767072, 0.0410079971808253, 
0.0377662112878512, 0.0359446905520716, 0.0342074999418206, 0.0314765593599338, 
0.0285098877759563, 0.26235584780549, 0.23614884082899, 0.217415209037107, 
0.181922057884946, 0.10372029642979, 0.0694449742465615, -0.0741809309898642, 
-0.0683006866634943, 0.12050496859829, -0.114673629393052, -0.122698884105696, 
-0.117888545607243, -0.123369996315299, -0.133646688658905, -0.136939954012837, 
-0.139813350114065, -0.140721687732383, -0.14105248677712, -0.139370376471148, 
-0.136814991490906, -0.1353162031339, -0.132454051070057, -0.131798325013922, 
-0.129088072630435, -0.124620333002679, -0.117066974281906, -0.107553629848083, 
-0.0959039593074758, -0.0825900919302492, -0.0717293144829542, 
-0.0454934346444373, -0.0194175303301656, 0.00497133532319832, 
0.0287335636319999, 0.0526036493302228, 0.0760272305125705, 0.0984144289879833, 
0.120875907746274, 0.143625931895975, 0.166620387221211, 0.189782057245664, 
0.213342003182474, 0.237222267156779, 0.258773170942754, 0.0229108619778299, 
-0.0150645926557301, -0.0486879693247316, -0.0261319933353273, 
-0.0598916907344634, -0.0634873614352228, -0.135476385709452, 
0.0688180412071418, -0.010786333138493, -0.126816446530761, -0.103977945083426, 
-0.0961064324522709, -0.0880843710192876, -0.0840092012498848, 
-0.0714260222158579, -0.0619252501659319, -0.0515183014358524, 
-0.0410887265915364, -0.0306415600447415, -0.0205430325748082, 
-0.0105114214325985, -0.000182492215648541, 0.00849439365195962, 
0.0183396812546225, 0.0291756158385105, 0.0400260958815191, 0.049472112298233, 
0.0583216925950736, 0.0639363757866179, 0.069466577290848, 0.0723358251749346, 
0.071086267752032, 0.0689378131685013, 0.0657595161364588, 0.0623976403353049, 
0.0572317749878305, 0.0518467670962446, 0.0472892431571201, 0.0431568120180213, 
0.039584654304699, 0.0366140216905722, 0.0365642234747363, 0.0348004159552803, 
0.0297911063119342, 0.270214348384446, 0.238317004093555, 0.227446912883426, 
0.192818619710757, 0.120952647069058, 0.0780083326043599, -0.0663790011457796, 
-0.0838250045028919, 0.11955308521602, -0.108450930738095, -0.107035072940054, 
-0.114307864267484, -0.125610218353183, -0.129597532956173, -0.13307499143957, 
-0.136178975965156, -0.138168034447713, -0.139904478475809, -0.138670622654555, 
-0.136801361485209, -0.136796912451523, -0.137419713354533, -0.137567802259663, 
-0.136660497740998, -0.131025580247264, -0.1239862166204, -0.1157217245364, 
-0.104349952189451, -0.0865442243491152, -0.071043366790158, 
-0.046533804324178, -0.0192182788360155, 0.00472642649244393, 
0.0261732143705365, 0.0484008563470095, 0.071435640081453, 0.0947154633739496, 
0.117723882846917, 0.1406973608841, 0.163892677744254, 0.18761067496562, 
0.211750658692304, 0.234860013281565, 0.255574344029599, 0.0156097821305774, 
-0.0197515111579421, -0.0478375145660082, -0.0156682932794874, 
-0.0430153548352807, -0.0503819550485037, -0.127149463903032, 
0.0699308647222628, -0.00605880964885867, -0.114985545424677, 
-0.101172004982708, -0.0863447768208184, -0.0905566277783074, 
-0.079726833542837, -0.07112563712661, -0.0620555731835551, -0.0521734669579022, 
-0.0420237847554254, -0.0317873200660602, -0.0212249343605316, 
-0.0109459279553959, -0.00177075460980903, 0.0069997437393422, 
0.0185003459883189, 0.0310114207291372, 0.0416553831612506, 0.0515673457324646, 
0.0628630460300508, 0.0723491532310717, 0.0690989364408299, 0.0711849436928601, 
0.0686139164546465, 0.0621730443653566, 0.0560870102558812, 0.0520105036055679, 
0.0488044743140947, 0.0456647282048885, 0.0415199188966226, 0.0374680055316902, 
0.0338544389480291, 0.0309017412438968, 0.029983149828185, 0.0302871007058419, 
0.0276170920508818, 0.275220251083577, 0.231031060314114, 0.220477949094231, 
0.17963468879022, 0.106914171138506, 0.0634627358438878, -0.0659809799905672, 
-0.0698911038952894, 0.0995766463829664, -0.108737867622094, 
-0.112951492088821, -0.114972974485846, -0.124741105750368, -0.133647528430748, 
-0.140722561894385, -0.142198877813591, -0.138953162853577, -0.138328869941151, 
-0.138986223849055, -0.141516577967338, -0.142726251853619, -0.1418577842271, 
-0.138023254780788, -0.132070340824523, -0.125179330920452, -0.116829183183732, 
-0.107396082024225, -0.0962189693207518, -0.0824692768170308, 
-0.0683707023565272, -0.0424882926875039, -0.0190793133261827, 
0.00501622251769616, 0.0296730109276646, 0.053152204072567, 0.076230612515469, 
0.0994410344323034, 0.122467458144224, 0.145175529603193, 0.168122865965909, 
0.192227249318405, 0.215893370152881, 0.239043858131081, 0.261577190476371, 
0.0203989354836757, -0.0206937391321021, -0.0431176697284253, 
-0.0196426147999265, -0.0436520453166604, -0.0423507506221494, 
-0.131406949669526, 0.0675539489056087, -0.00555096672072324, 
-0.120882291544877, -0.104106283049954, -0.0933105973885272, 
-0.0948861215044269, -0.0868826104404375, -0.075430831898069, 
-0.0624380912851985, -0.0527126716073621, -0.0427199660578291, 
-0.0321175582428753, -0.0223091368474035, -0.0115950168527701, 
0.000194090041287584, 0.0119020897267814, 0.0224070280466278, 
0.0322994513683012, 0.0414912403818266, 0.0500278969840539, 0.0580163219316932, 
0.0648534090829749, 0.0696340002266747, 0.0683908532310544, 0.0665858440524083, 
0.0655466178327644, 0.062457984192759, 0.058086312819566, 0.0539733721681315, 
0.0497205654049604, 0.0449233126617818, 0.0397153402144522, 0.034518125717953, 
0.0324952499109582, 0.0326598052370102, 0.0301598182900034, 0.0277942987959346, 
0.263911120449483, 0.280523732312144, 0.277004602179061, 0.255702239787198, 
0.128855445318442, 0.0907600763915657, -0.110636959925779, -0.0935241857668945, 
0.0770560954620606, -0.10671534927445, -0.113597509111256, -0.123967941069602, 
-0.129503032041566, -0.133464069617602, -0.135938389059419, -0.138643765102416, 
-0.138575638005329, -0.140793859965269, -0.141808602412989, -0.142248280421042, 
-0.142504439349387, -0.141226667086211, -0.134629938283173, -0.127802083675133, 
-0.12006527372025, -0.111851020515211, -0.102863721893864, -0.0910024306662116, 
-0.0882449678552154, -0.07468000304066, -0.051323581979238, -0.0290513718768241, 
-0.00644700069111519, 0.017499443354948, 0.0418789630052976, 
0.0657260592343336, 0.08918495918654, 0.112792688155951, 0.136426110967057, 
0.159917312226682, 0.183456558785947, 0.206943974273818, 0.23052045686054, 
0.25295024445504, 0.0231259757422345, 0.00256060251730157, -0.00494300966803278, 
0.00213060457003616, -0.0205649121536558, -0.0372988225823853, 
-0.0773203904658029, 0.0358229481400257, -0.0111236413184679, 
-0.088575247655566, -0.0849705365128317, -0.0788137252359194, 
-0.0720006241540413, -0.0665861997052568, -0.0588238311290012, 
-0.0528499943912056, -0.0396308764469517, -0.0319101322382303, 
-0.0221654192329088, -0.0116212212680018, -0.00182948941481953, 
0.00990341649352264, 0.016329983678745, 0.0211327358668142, 0.0254135921313997, 
0.0305511059085276, 0.0366268073132866, 0.0433234735593648, 0.0445442364044872, 
0.036700796499329, 0.0377435000759272, 0.03813870682404, 0.0351852421588804, 
0.0320187541812361, 0.0304676942580502, 0.0299608823610457, 0.0293939906480113, 
0.0288011705204721, 0.0287656666118779, 0.0288059119388572, 0.0288872651138778, 
0.0290567781682069, 0.0285704201071604, 0.0270658117803611, 0.248630869233487, 
0.264775729597993, 0.266521762743928, 0.219661563288468, 0.126323788652885, 
0.0843463697076191, -0.108642731374601, -0.0691278453871076, 
0.118341899467496, -0.10855183921986, -0.118817378345876, -0.130482046032757, 
-0.135099347111544, -0.134087018963735, -0.137474478757123, -0.145988906061941, 
-0.147169420451909, -0.150472128974656, -0.149284003126709, -0.14586554604593, 
-0.140613793401376, -0.134528007887975, -0.12750264561555, -0.120835118005041, 
-0.113554544026057, -0.10532052473091, -0.0964132923977774, -0.0870862458962297, 
-0.0770649670681729, -0.071458146424701, -0.0485185129326929, 
-0.0252562533869148, -0.00198096582561729, 0.0211441539689702, 
0.0441202931136105, 0.0671622844851177, 0.0903272373815767, 0.113486800818432, 
0.136662800310468, 0.159863349826145, 0.183038901817069, 0.206119385876399, 
0.229004016042435, 0.251664501120662, 0.0261853398706889, -0.00239085725934573, 
-0.0228260261461938, -0.00567533745619732, -0.0365446937332855, 
-0.0555782888393854, -0.099580790263518, 0.0467230582713416, 
-0.00271596373365617, -0.0991977099128058, -0.0973406578832229, 
-0.0928736532543362, -0.080308165474364, -0.0704699100823166, 
-0.0633635959956451, -0.0567683808606988, -0.0448557668841217, 
-0.034310972346386, -0.0221509663704224, -0.0113552498080006, 
-0.00212598379301586, 0.00573838596719117, 0.0124697880923269, 
0.0198442034661631, 0.026705029956219, 0.0325310079096842, 0.0372991699174587, 
0.0412223733864473, 0.0440691040508084, 0.0464702961182471, 0.0490684167279589, 
0.0499039015471313, 0.0496770940801139, 0.0479756149808146, 0.0450412808486619, 
0.0420720661061561, 0.039707381061628, 0.0381552475394646, 0.0369601825464344, 
0.0364957090604834, 0.0353590298214362, 0.0331597435522284, 0.0302378548392677, 
0.0273616903785621, 0.244754268043208, 0.262467522566525, 0.265874525301652, 
0.224218059234004, 0.132617339307487, 0.0877542710305759, -0.111310405900301, 
-0.0683233403060172, 0.120539883764804, -0.1082499850261, -0.120049650270651, 
-0.13155566675465, -0.13319520421934, -0.133476429763376, -0.140568920996282, 
-0.14568424807359, -0.148483735703727, -0.150839160222453, -0.148880563694222, 
-0.145719365942568, -0.140718091634777, -0.134751016718909, -0.127995806496348, 
-0.120585040048576, -0.113315463421517, -0.104942762384991, -0.0958709174510733, 
-0.0866240225563652, -0.076858149428878, -0.0712162175644763, 
-0.0484272149598539, -0.0253930289912365, -0.00217947605454674, 
0.0209202497919355, 0.0439009644749868, 0.0666951801291803, 0.0896169753664186, 
0.112715321053368, 0.136013023384154, 0.159197973174318, 0.182273131064289, 
0.205408125721707, 0.228500749607822, 0.251746321568389, 0.0291917827984864, 
0.000818190442509656, -0.0217277810003301, -0.0077089319191263, 
-0.0386850136641518, -0.0593199368829355, -0.0985209460517742, 
0.0459832063536778, -0.00770784530634097, -0.0995777734846697, 
-0.098037882902031, -0.0910850038582479, -0.0789398128928267, 
-0.0700589051069243, -0.0644847042897529, -0.054753245215761, 
-0.044329148901795, -0.033084731081501, -0.0212970204873969, 
-0.0106972675518605, -0.00134636017311022, 0.00673216840660281, 
0.0135961771501016, 0.020134109965104, 0.0269953002643873, 0.0323380794494677, 
0.0366035694337702, 0.04075900305179, 0.0438133713119319, 0.0455464205227055, 
0.0478250311773089, 0.0492023278733485, 0.0492411194336078, 0.0479829730714498, 
0.0455625149616957, 0.0420941546462293, 0.0387168191198765, 0.0360604554229352, 
0.0348727863819482, 0.0346094537798103, 0.0348054214175636, 0.034665652369118, 
0.0331143951470688, 0.0300978268180408, 0.250242351271624, 0.263787939071181, 
0.264841186929181, 0.21830266969371, 0.128347640108939, 0.08162188003971, 
-0.10877346110803, -0.0714917344373347, 0.10983704434891, -0.108725566668248, 
-0.120254646042918, -0.129643159203114, -0.131466103194514, -0.133587323986863, 
-0.139751990387729, -0.143408568602513, -0.146708152247839, -0.148592471342669, 
-0.148017640596963, -0.144824118556039, -0.140701321018097, -0.134664552492198, 
-0.128406412987486, -0.120849489552184, -0.112968691675092, -0.104831925861664, 
-0.0962445364827652, -0.0871777049508521, -0.0775959403110184, 
-0.0715585751666852, -0.0485284755904731, -0.0252595682841552, 
-0.00187443958569628, 0.0214062186847954, 0.0445478523183614, 
0.0676353436950502, 0.0907392604503912, 0.113908607847661, 0.137122822752304, 
0.160407795023818, 0.183676481870235, 0.206855557849904, 0.229831356232883, 
0.252794562144483, 0.0269309021021669, -0.00192771870033301, 
-0.0269359466353618, -0.0103957801265568, -0.0390109452895209, 
-0.059268085104243, -0.100308005371135, 0.0474458476561908, -0.0108583224392357, 
-0.0998101335647844, -0.0983108697724984, -0.0903729142740426, 
-0.0795899133600616, -0.071733400231747, -0.0641873663976716, 
-0.0544798185754468, -0.0447541980235126, -0.0338990418862292, 
-0.0225542669980357, -0.0120277661989851, -0.00229679780181003, 
0.00581616584828378, 0.0132572975414098, 0.0195756556142281, 
0.0258996683963094, 0.0318124911146238, 0.0371598368285862, 0.0418035718945557, 
0.0458270444334871, 0.0472268926354984, 0.0488503333144532, 0.049845008127605, 
0.0496033082745207, 0.0486468723102813, 0.046370351359135, 0.0438555343371429, 
0.0416560419867303, 0.0401687684160242, 0.0392441293540396, 0.0385442135158741, 
0.0371329206912769, 0.0348337853340973, 0.0321415789079298, 0.0290730707567611, 
0.265702064272518, 0.272745340166662, 0.272059330100531, 0.228981401739926, 
0.113138380546619, 0.0685174650261657, -0.111211944829767, -0.0787215345616501, 
0.0770224095305556, -0.108682780819416, -0.118515108139559, -0.127455773736779, 
-0.132520895990708, -0.13199940794343, -0.135284575130564, -0.141900022851652, 
-0.14416253787398, -0.144942194698452, -0.145098620207207, -0.143121533048878, 
-0.139231617734539, -0.134071574890111, -0.128139682113892, -0.121560115008507, 
-0.114690449241075, -0.106825762000742, -0.097820535834632, -0.0883676181751296, 
-0.0783711219956907, -0.0722327556185799, -0.0490239491561143, 
-0.0256654126451482, -0.0021777831360913, 0.0212112136814621, 
0.0445254062632985, 0.0679232585914218, 0.0915110006943726, 0.11503761758176, 
0.138584443572575, 0.162091636949992, 0.185570883033902, 0.209020957781805, 
0.23250144027234, 0.255651057576389, 0.0270823447469915, -0.0014797677977664, 
-0.015504339458597, -0.00291828799331496, -0.0340278382603142, 
-0.0521029455219064, -0.0929419780867741, 0.0437021174924292, 
-0.0157034542052741, -0.0946494706111549, -0.091262913563544, 
-0.0888409890388781, -0.0807412877591032, -0.070527564510273, 
-0.0616114521237648, -0.0535932830865086, -0.0442736798839568, 
-0.0339819368951699, -0.0234375222809905, -0.0131826466326578, 
-0.0039035620624275, 0.00440597119380793, 0.0119881006192012, 
0.0194297588704032, 0.0266510485911151, 0.0328463054147011, 0.0377385197566374, 
0.0414955227354437, 0.0441603662396291, 0.0441710823228939, 0.046685532138909, 
0.0470093821123533, 0.0467231285790166, 0.0453265436898663, 0.0430025558215886, 
0.0402019677085669, 0.0386257998617904, 0.0374207293929576, 0.036404177635419, 
0.0351294229914067, 0.0335610975570432, 0.0315457271848193, 0.0295783938394369, 
0.0297993232759491, 0.244591171036548, 0.259575075337663, 0.261312091738942, 
0.217677303700837, 0.128038517440779, 0.0848051062423198, -0.114285734531672, 
-0.0630071656989741, 0.11946831027453, -0.108999020925147, -0.123538876339966, 
-0.132625692780675, -0.133009855586763, -0.136279106018093, -0.144158107993182, 
-0.149523079606296, -0.151908253236166, -0.150767985386993, -0.148628841213841, 
-0.143919797645445, -0.138384580968377, -0.132074272116848, -0.125259761645604, 
-0.118151075432901, -0.11042119517535, -0.102085801823081, -0.0936272012884001, 
-0.0848164067288183, -0.0755353888160748, -0.0701584886440531, 
-0.0474451550350131, -0.0242840858949695, -0.00112153978256433, 
0.0221099614699098, 0.0451004167762546, 0.0679322988608857, 0.0908443512108276, 
0.113808027510771, 0.13689848270009, 0.159933096687603, 0.183048977453141, 
0.206337885214753, 0.229766207131828, 0.252769189527582, 0.0325352480069432, 
-0.00328200413336198, -0.0272065330537149, -0.0103878968839677, 
-0.0416165112347323, -0.0622417084599993, -0.103240099202132, 
0.0473406538792934, -0.00862877937850909, -0.104832858529541, 
-0.101807166520131, -0.0895003598696225, -0.0786071943934588, 
-0.0738537930313148, -0.066962401901512, -0.055324814640597, 
-0.0428956047941293, -0.0310366736188665, -0.0198492887069642, 
-0.00986350778920889, -0.0014640943869424, 0.00578791306949687, 
0.012443784883797, 0.0190966278731438, 0.0249757185838074, 0.030338019508808, 
0.0357114248017568, 0.0401841767685674, 0.0439788716624309, 0.0468744785471135, 
0.0500252329202503, 0.050612124824486, 0.0506456970243279, 0.0494225139867048, 
0.0470936798074447, 0.0439049958565712, 0.041132231499239, 0.0387912432581598, 
0.0384364675465798, 0.0384661359800807, 0.0384737372649159, 0.0380446725264439, 
0.036589697382118, 0.0316959430662255, 0.252019476890625, 0.267764833597134, 
0.272675398245861, 0.229915510059794, 0.139783798259886, 0.0901454506768191, 
-0.115085016049537, -0.0752711978924746, 0.106315354066287, -0.110234859018355, 
-0.118925487241355, -0.128434809011351, -0.133454897192737, -0.143390172132204, 
-0.14923247215507, -0.148247904186173, -0.146025554191874, -0.149372883661215, 
-0.148079900200417, -0.144617541860542, -0.139773391977992, -0.134384497078817, 
-0.128014889354007, -0.120617597107486, -0.112786092722684, -0.104247614098586, 
-0.0951625453844245, -0.0857651859048804, -0.0769532522438289, 
-0.0715163706293716, -0.0491574762981933, -0.0264380656684842, 
-0.00337214681815818, 0.0197958170624293, 0.0430854631398184, 
0.0663560265237547, 0.0895922106867296, 0.112902748275519, 0.136311923245295, 
0.159693124929815, 0.183002776856763, 0.2063162656802, 0.229595375280233, 
0.253290266603253, 0.0333376793550925, 0.000783017883710645, 
-0.0243551476025393, -0.00760490144906929, -0.0331830911663256, 
-0.0554387517839374, -0.0800663962842775, 0.0378631213912323, 
-0.0107930423695788, -0.08407528341677, -0.0812348938790378, 
-0.0806278380028637, -0.0810991601374116, -0.075750723085849, 
-0.0621570967246796, -0.0507229895894084, -0.0423469971174677, 
-0.0320544657859533, -0.0208395455268907, -0.0108306399108112, 
-0.00198000694458593, 0.00614212277866317, 0.0127131187339688, 
0.0186262488352775, 0.0238108536549303, 0.0278665534467228, 0.0317666019114316, 
0.0353281473424651, 0.0384681400447511, 0.0387937887547331, 0.041730805490754, 
0.0424064136963074, 0.0420081676865427, 0.0407092684901291, 0.0393914055895434, 
0.0382030439049532, 0.0369059529340867, 0.0355748190457066, 0.0348070091117596, 
0.0348827431583731, 0.0354888327322739, 0.0360640618399838, 0.0364438321112574, 
0.035045220852807, 0.250629991746973, 0.263820717602301, 0.277565434768643, 
0.20778509276566, 0.132072446209184, 0.0872927369024283, -0.113543137467338, 
-0.07370792553704, 0.113878729144181, -0.109225167591421, -0.119986837293281, 
-0.131700475996597, -0.135074066017422, -0.134380842139626, -0.137805321927727, 
-0.142300976371022, -0.143295978587519, -0.144783654559143, -0.145924703509167, 
-0.144116005218874, -0.140709670049411, -0.137233449645306, -0.13125256561283, 
-0.122050497142797, -0.113405040160751, -0.104889051290341, -0.0962144977760801, 
-0.0871828977316939, -0.0776276618942933, -0.0719586732625308, 
-0.0488687925394695, -0.0257015958734157, -0.0024838622976421, 
0.0206955022944727, 0.0438584654290857, 0.0670078253391355, 0.0901517741177495, 
0.113327375893127, 0.13654953042585, 0.159787378608397, 0.183035457816318, 
0.206250459745277, 0.229433562243034, 0.252280866440922, 0.0259901922701538, 
0.005259619907504, -0.026214870095913, -0.0120842438502122, -0.0402153370804935, 
-0.0610205995672804, -0.0957617942280296, 0.044223042085075, 
-0.00977573817938959, -0.0976871545337589, -0.0962234786125914, 
-0.0909445216307534, -0.0791263078988099, -0.0705581847658229, 
-0.062405742463841, -0.0526551794777711, -0.0432666038233261, 
-0.0328480013054157, -0.0223167023502998, -0.0119388208099201, 
-0.0021750933692967, 0.0074730264215822, 0.016569861109143, 0.0205071862686587, 
0.0259484077371498, 0.0313395601833834, 0.036462508238148, 0.0406927389676707, 
0.044049896496814, 0.0439862210945506, 0.0455799552534834, 0.046356803952998, 
0.0465839787660799, 0.0462787257909943, 0.0453542671713498, 0.0436212951034652, 
0.0415727596051653, 0.0397714054192717, 0.0385647149568412, 0.0376180997168219, 
0.0365838562264693, 0.0352023633370277, 0.0332394215463254, 0.0283884664167989, 
0.265801346849385, 0.271520578039779, 0.271416898461262, 0.231266291874659, 
0.125817336837808, 0.0760828625414153, -0.109520787008981, -0.0971429483167178, 
0.0950984896185735, -0.109862989289018, -0.118489873047092, -0.125907666645478, 
-0.130567385187168, -0.130932049685429, -0.128212665232503, -0.133457197649386, 
-0.136287227172772, -0.137621402483185, -0.136591155147944, -0.136930212767744, 
-0.13532086517284, -0.132521163736229, -0.128971334861432, -0.124142865454218, 
-0.118909631749338, -0.114287907422797, -0.108327282008692, -0.094094800411917, 
-0.0823208252622445, -0.0756835267683934, -0.0522371745417657, 
-0.0286392859135267, -0.00508654650292515, 0.018534122428795, 
0.0421103581531586, 0.0656227500716715, 0.0890612175003718, 0.112580280236425, 
0.136112201468035, 0.15966353123571, 0.183016887043112, 0.20608359957348, 
0.229583184041103, 0.252694833464992, 0.0212201157974899, -0.0133773241939621, 
-0.0309415940396146, -0.00967125437120184, -0.034830935260534, 
-0.0540713232702261, -0.0912798753852167, 0.0475658001423638, 
-0.00928089595857145, -0.0917865315474705, -0.0898664638063539, 
-0.0861865718952075, -0.0807255110913129, -0.0741272230829597, 
-0.0637555882303076, -0.051986302527002, -0.0436794825296675, 
-0.0363366955310757, -0.0256612781180502, -0.0157022461472408, 
-0.00726859286619837, 0.00162430272618856, 0.00979281044792271, 
0.0180243489735193, 0.0271864230735222, 0.0344389556398141, 0.0431546656605062, 
0.0522901588609928, 0.0476934473008665, 0.0472657703786813, 0.0479312077314448, 
0.0480063901008556, 0.0468121124987725, 0.0461082324450205, 0.0467143420368937, 
0.0452504514219393, 0.0428051682149315, 0.0406650439124979, 0.0388868678238375, 
0.0372507347843003, 0.0348008545018795, 0.0315416554655123, 0.0272790398843858, 
0.026226790028035, 0.242455858002096, 0.258562418936748, 0.2669724221706, 
0.2188697397246, 0.138169939173368, 0.0893553383316944, -0.121626747954196, 
-0.0597757652164766, 0.125129909183571, -0.111594203748812, -0.118655995357159, 
-0.135241360894217, -0.145455400168778, -0.142844922099477, -0.140577367296127, 
-0.149484748344697, -0.15164436848653, -0.152723422742527, -0.149953014169281, 
-0.145653553750386, -0.140242413529439, -0.13433564479888, -0.12743689227982, 
-0.120093619553765, -0.112037286067922, -0.101726620972517, -0.0908564215586613, 
-0.0814000118635865, -0.0728119749642811, -0.0686338790799169, 
-0.046843942549442, -0.024208295173955, -0.00100801380087365, 
0.022019523694108, 0.0448386121899581, 0.0677403619217586, 0.0907019829853194, 
0.113669192087456, 0.136678788805457, 0.159778569423253, 0.183002464867016, 
0.206353128004481, 0.229666071999873, 0.252901564920368, 0.0324486363729213, 
0.00372759982680276, -0.0278889090708411, -0.00691462905557547, 
-0.0359460675024082, -0.0580304720821052, -0.0956945937800706, 
0.0392194581115728, -0.00329442633491029, -0.0950599849002875, 
-0.0979555450049035, -0.095422385906742, -0.0789901924165389, 
-0.0640368448286777, -0.0624082614871033, -0.0544530076179136, 
-0.0414504645443563, -0.0294303047854929, -0.0175850298721398, 
-0.00732934858226917, 0.00148656675535931, 0.00951089808798834, 
0.0164588193206088, 0.0225602181168208, 0.0234442734174008, 0.0245901467084965, 
0.0287716733815093, 0.0328320831199202, 0.036178670145894, 0.0388170474993179, 
0.0413147363231912, 0.0416551925492077, 0.0418813155470238, 0.0426145365232001, 
0.0428904464793703, 0.0422324923199938, 0.0413219520849168, 0.0406342396770917, 
0.040463176781155, 0.0405573302239156, 0.0400974476853465, 0.038879009971283, 
0.0361539969253139, 0.0311485038167132, 0.248502287194925, 0.26463547378865, 
0.267439241855061, 0.223787284977752, 0.129478003738422, 0.0839828926842215, 
-0.106662607294215, -0.0690693978955797, 0.10788444832375, -0.107818029414468, 
-0.119458799729142, -0.128246205832873, -0.129165420417028, -0.131015474996077, 
-0.139675373739854, -0.143992632336104, -0.14928421620858, -0.150590843686872, 
-0.149204748496889, -0.146331798776612, -0.14131335506153, -0.135352573575371, 
-0.129458404983157, -0.121912187825457, -0.114246652253694, -0.105969206633245, 
-0.0969493301448844, -0.0873743511593625, -0.0776235078777963, 
-0.0714424867879702, -0.0484704102140859, -0.0252384621286374, 
-0.00190103755829857, 0.0213549039965123, 0.0443854450974921, 
0.0672355877937107, 0.0900676215539652, 0.113103676326082, 0.136414772102365, 
0.159656278283834, 0.182882183011906, 0.206080157327011, 0.229108585279613, 
0.251768671692507, 0.0293050212764694, -0.0020980185226717, -0.0214129337521142, 
-0.00605204516972277, -0.0369361824259187, -0.0552053025703788, 
-0.0994591136105405, 0.0470798753950105, -0.00858604241128383, 
-0.0994176153344024, -0.0984260481968447, -0.0903196649874853, 
-0.0795046812585538, -0.0707593086121446, -0.0657881096483392, 
-0.0561771707136362, -0.0465687655026185, -0.0342394510492194, 
-0.0226446998028398, -0.0116524499222364, -0.00198765740821769, 
0.00616165225248746, 0.0141304360485426, 0.0206660045714143, 
0.0272645640808894, 0.0332606857199103, 0.0383539263213091, 0.0421309523439252, 
0.0459323704509133, 0.0470510835310734, 0.0494883024662493, 0.0505344663974643, 
0.0506393205350224, 0.0492390707551664, 0.0464543692235358, 0.042894236828252, 
0.0391689339235638, 0.0359071207371876, 0.0342118556938379, 0.0331833638375783, 
0.0323274784575386, 0.0318958298860877, 0.0309947339611955, 0.0289596062045436, 
0.266774316107749, 0.26607030375628, 0.263152960575958, 0.223640914866618, 
0.122832438753849, 0.0812750287274632, -0.105464700630505, -0.0843499652511419, 
0.0909067730747684, -0.108087389668004, -0.121262898709099, -0.125938059689319, 
-0.127321587370417, -0.129989143562714, -0.135132491973082, -0.135349875923334, 
-0.141767610131095, -0.143951349083002, -0.142123037414534, -0.141919778773999, 
-0.141910871890525, -0.14086161024637, -0.135768171879018, -0.125054336506637, 
-0.11801196098568, -0.109944926109186, -0.101586023019573, -0.0877822771098616, 
-0.0815562038584403, -0.0722942710958358, -0.0493756304133281, 
-0.0259865082822494, -0.00220743099496516, 0.0212024102344187, 
0.0445252001337126, 0.0679410531501603, 0.0914113850267165, 0.114822084272086, 
0.138249724798917, 0.161682056472945, 0.185097804149054, 0.208433101554509, 
0.231912063979917, 0.255068490936793, 0.0218906925477038, -0.00808750929351573, 
-0.0215970765799854, -0.00467588656542625, -0.0366601783447046, 
-0.0567278981657078, -0.0929058683548655, 0.0404875049752198, 
-0.0140380015156121, -0.0929451723139347, -0.0927780818365267, 
-0.0895331711119989, -0.080051781577508, -0.0697645454309308, 
-0.0646038049628622, -0.053646900130171, -0.041276132094087, 
-0.0340127431198036, -0.025337179410511, -0.0132381062810218, 
-0.00287614655756132, 0.00739832123418883, 0.0205596568913359, 
0.0250733466108437, 0.0284367852051322, 0.0328073847143609, 0.0372028893968619, 
0.0395121067317168, 0.0422960361253246, 0.0420738820371199, 0.0442043493829524, 
0.0448800805744857, 0.0444204497625291, 0.0443976209309507, 0.0447124034681723, 
0.0440661856160159, 0.042674179908033, 0.0412321706218897, 0.0396149893440404, 
0.0376365094005584, 0.0355793400328763, 0.0331500136111526, 0.0305979173888133, 
0.0298513671344564, 0.244222640662017, 0.260723023598463, 0.26289432087228, 
0.222890582059911, 0.110505284820172, 0.0812741472452733, -0.125803620903747, 
-0.0645458236208758, 0.143428155179501, -0.114901724708161, -0.122310981044709, 
-0.134311031017396, -0.144255808987712, -0.143507369414841, -0.1439594467798, 
-0.147492838182439, -0.146389738256864, -0.145011148278101, -0.145624518300559, 
-0.145153091738385, -0.143521863610965, -0.137251827657155, -0.128870215126567, 
-0.120497847776925, -0.109574189357885, -0.098706421823849, -0.0880298760895288, 
-0.0784628852156316, -0.07135455128323, -0.0685076674286972, 
-0.046176335638613, -0.0233936151290642, -0.000765190066367285, 
0.0216928816781998, 0.0444026591552159, 0.0671917782361557, 0.0901401060887938, 
0.113459273029464, 0.137037243256007, 0.160876681378469, 0.18519244396222, 
0.208780016927768, 0.231519738184161, 0.252148651103997, 0.0296686834270328, 
-0.0010638174070943, -0.0478155317879157, -0.0140701161902158, 
-0.0576633096559684, -0.0558820461960556, -0.0917532952295737, 
0.0343607127370966, 0.0061418288711183, -0.0949536386824131, 
-0.0942327831215106, -0.0926018609232963, -0.0792385998297789, 
-0.0657289430999232, -0.0594600804009997, -0.0500353824472135, 
-0.039063935263823, -0.0293227964764575, -0.0194141171889971, 
-0.00868341313807157, 0.00308500967824869, 0.0136732142816283, 
0.0140216828785482, 0.0134696897626761, 0.0159271499546056, 0.0195205425943456, 
0.0242852885960201, 0.0292862303171518, 0.0329451150270927, 0.0340732530130647, 
0.0372560206033046, 0.0401740324342451, 0.0434497761775885, 0.0462202424883255, 
0.0481843554571516, 0.0499777865913332, 0.0513832253432711, 0.0523190763282988, 
0.052197029020361, 0.0514218771012439, 0.0489762787278147, 0.0439296074238897, 
0.0373387173359387, 0.0276972408679122, 0.256888828512445, 0.284407984102352, 
0.274075183990166, 0.227872044668525, 0.138494003866969, 0.0876839449123223, 
-0.122228505234102, -0.0952537127986001, 0.116569305828333, -0.107582149020967, 
-0.118200743715973, -0.130703812276867, -0.138383377445238, -0.140317643875773, 
-0.139562120352684, -0.141541498566281, -0.144082760583863, -0.139075942261541, 
-0.136259657806032, -0.136253672574246, -0.133400225591734, -0.128017371653576, 
-0.12317927095972, -0.11913396436532, -0.114619747713578, -0.111740602034199, 
-0.104262937611524, -0.0924294153321437, -0.0833237783367907, 
-0.0759527355779625, -0.0510274306759235, -0.0283656819310019, 
-0.00597594967623397, 0.0171940491608725, 0.0409495413853895, 
0.06449712483384, 0.087583299943752, 0.110689556104484, 0.133947308355995, 
0.157277442703903, 0.180582064099052, 0.203985725996276, 0.227529252118086, 
0.250648047389114, 0.0293085396619413, -0.0088448458742429, -0.0425546292643277, 
-0.0160910363871575, -0.0360560665169328, -0.0479034579512186, 
-0.0731272491167636, 0.0378398370243388, 0.00201516551253256, 
-0.0913775858067068, -0.0857883987332774, -0.0800725873742138, 
-0.0754775051535236, -0.066700410091002, -0.0602890517737996, 
-0.0515262975052686, -0.0437799591361815, -0.0362366716237157, 
-0.0230041371351548, -0.0142254374357778, -0.00733506267724781, 
0.00311597562080761, 0.0119526361206292, 0.018674183782519, 0.0257441163921139, 
0.0333871538462364, 0.0411188687506962, 0.0462698994925035, 0.0450226056604396, 
0.0352322074687425, 0.0355320741089221, 0.0397064742425887, 0.0394389668075773, 
0.0378445570711717, 0.0370351584840393, 0.0377083376349027, 0.0387503720547449, 
0.0389773415629343, 0.0391141372425501, 0.038892966020557, 0.0385986948674508, 
0.0381055739953024, 0.0375807550978274, 0.0334237910324433, 0.255471678759797, 
0.267465943115584, 0.271181817758717, 0.225634968152237, 0.120573742144237, 
0.0719269968039566, -0.109539936774603, -0.0721996916021843, 
0.0989250437432851, -0.108231102835542, -0.119145442998169, -0.129401012008865, 
-0.131556681916032, -0.130637681590894, -0.13907288852507, -0.144471161469059, 
-0.147763958504935, -0.149387127116472, -0.147541896571833, -0.144022314467147, 
-0.139495956696012, -0.13400405483673, -0.127678288924474, -0.120796525598269, 
-0.112965818226262, -0.104753120658266, -0.0961824064617202, 
-0.0869925794563935, -0.0773428305030308, -0.0718232973644035, 
-0.0488561576709129, -0.0254725504115958, -0.00210075903108291, 
0.0212406959647941, 0.0444005401916026, 0.0674376604661085, 0.0906040104744898, 
0.113844300125019, 0.137257697926851, 0.16064467635604, 0.183852200061991, 
0.207203429638174, 0.230477527621008, 0.253292312916063, 0.0279440181820231, 
-0.0050273142194511, -0.0268677465594468, -0.00788535238956404, 
-0.0351765780325743, -0.0511544089463535, -0.0967053790850683, 
0.0461600397277627, -0.00533389908882347, -0.0967520813032721, 
-0.0965279021813981, -0.0907966679492537, -0.0798614956752094, 
-0.0698261021818158, -0.0643494677062619, -0.0555579703176206, 
-0.0452840077611278, -0.0339496810794068, -0.0226677717234591, 
-0.0125075141264923, -0.00336259296324103, 0.00488897775408204, 
0.0120536396386732, 0.0189467025841602, 0.025102702237659, 0.0308272025488441, 
0.0361050229256921, 0.0403387199095462, 0.0443392767922009, 0.0463529281615351, 
0.0495818333102797, 0.0502847105435993, 0.0500329502235752, 0.0486957747923946, 
0.045926916883228, 0.0425699830323473, 0.0396754381639066, 0.0373835600362275, 
0.0356752594585326, 0.035240873631936, 0.0348651637159344, 0.0345676810453842, 
0.0328325173961551, 0.0292020405941612, 0.250132141291853, 0.276150177720212, 
0.267187664840286, 0.215229760964788, 0.143579264423812, 0.0929826565541149, 
-0.116219101195562, -0.0708123135905342, 0.123010938456537, -0.111400554646916, 
-0.12330925469759, -0.132187999238656, -0.132344602318913, -0.14234652749586, 
-0.153532767801068, -0.153922207910228, -0.148062624079054, -0.14787952644258, 
-0.151417600331282, -0.145673512376256, -0.139458999952521, -0.132318418499711, 
-0.126734566103989, -0.120409461523699, -0.113165583007864, -0.105384167444962, 
-0.0961817783254982, -0.0849329245736359, -0.0760483655068679, 
-0.0729282160740597, -0.0499153188762476, -0.0263984494146492, 
-0.00255470057672081, 0.0216205672388278, 0.044646392179245, 
0.0673800430816783, 0.0902401848188127, 0.113266413798333, 0.136450599981636, 
0.159706544003752, 0.18290042727004, 0.206063981931004, 0.230363915473785, 
0.254627867976205, 0.0369863507541246, -0.00135491997873586, 
-0.043757156199355, -0.0121329971013404, -0.0330426884666109, 
-0.0494738909861224, -0.072555524807552, 0.0337240563205577, 
0.00237741357747852, -0.0827355007126006, -0.0756499824226682, 
-0.0788939982849718, -0.0793023081895343, -0.0771941187317311, 
-0.0650603271691723, -0.0483829198386534, -0.0388117564518101, 
-0.0312959547995493, -0.0201260888969634, -0.00907092140009822, 
-0.00159307662326359, 0.00549505467183348, 0.0135953393611957, 
0.0202888597331811, 0.0253714202494913, 0.0277312868580122, 0.0287864216453821, 
0.0310025269990404, 0.0342077189830742, 0.0345423000794462, 0.0332510494710862, 
0.0330954897313901, 0.032335187887947, 0.0336250968391932, 0.0357959477194223, 
0.0374270602680694, 0.0387412405024575, 0.0395768758693577, 0.0401510467356391, 
0.0405511056779732, 0.0406831181534817, 0.0416186755408591, 0.0422197645922651, 
0.037253722838774, 0.242912147725498, 0.256672157978535, 0.258130362949026, 
0.214471278899651, 0.135305260635948, 0.0876188860203961, -0.112862028438812, 
-0.0625201880772392, 0.129202732639985, -0.10704097589042, -0.120457258410255, 
-0.133110512126542, -0.138098979850171, -0.13997601915413, -0.142948991960793, 
-0.14788313237061, -0.152831034331925, -0.152928424888927, -0.150544138716488, 
-0.14601063495036, -0.139572895126706, -0.132739755439832, -0.125431930355443, 
-0.117637922536014, -0.109621426742441, -0.101918602364254, -0.0937506782354227, 
-0.0847644305719977, -0.0752078762977528, -0.0704868686582154, 
-0.0476610524692611, -0.0246440638908844, -0.00157077458728987, 
0.0215982993485954, 0.0449461018851993, 0.0680322951284145, 0.0910538013141185, 
0.113956502820524, 0.136848241562151, 0.159891108741268, 0.183059853126516, 
0.206264337404674, 0.229487934774409, 0.252769293487278, 0.031044248288087, 
-0.00308223406729912, -0.0265916591527058, -0.0103876441002074, 
-0.0448911694217558, -0.0674914505742021, -0.0987609069527987, 
0.0468012317475691, -0.00712158583510437, -0.10000008495724, 
-0.100286737137901, -0.0924612739784018, -0.0807394216688266, 
-0.0715782733324129, -0.0642527737161589, -0.0557490763062909, 
-0.044451798754581, -0.0312336257297623, -0.0195337201855316, 
-0.00887363012176381, -0.000646935119568258, 0.0061843055151518, 
0.0119927197933398, 0.0178552142696124, 0.0239645528904784, 0.0300397104060464, 
0.034939876432859, 0.0387235139527131, 0.0423948669814111, 0.0458913804546467, 
0.0479816258188296, 0.0488798800877435, 0.0490944629383762, 0.0497003818928816, 
0.048233834476922, 0.046215639637506, 0.0441771467412165, 0.0418216364695549, 
0.0401432343982986, 0.0395174480468768, 0.0388078579026207, 0.037530542236122, 
0.0354717840153297, 0.0307269057183195, 0.263353342204157, 0.276821310201227, 
0.278256214591666, 0.239040722956121, 0.115140066639241, 0.0706472078918738, 
-0.110277460548051, -0.079185723780554, 0.0784436078841804, -0.109217741122717, 
-0.119105870737189, -0.126673017479303, -0.13237523337953, -0.132255453496925, 
-0.132547277513406, -0.141659939496581, -0.145672583531256, -0.148127938024893, 
-0.147447943278862, -0.145437660009932, -0.141990605948272, -0.136926905765398, 
-0.130720414022613, -0.123301260518347, -0.115412305875747, -0.106446884467686, 
-0.0970789469724433, -0.0876309745476415, -0.0779038488295345, 
-0.0723035292698546, -0.0493602762981982, -0.0262030660295025, 
-0.0028768532792482, 0.020421618843908, 0.0437679462657698, 0.0671432982379501, 
0.0906844207509026, 0.11439251802176, 0.138067953189369, 0.1616207286195, 
0.185078371885126, 0.208519972694029, 0.2318595112213, 0.254880902125605, 
0.0261425956618081, 0.0010283098302797, -0.0113158073178796, 
0.00081207444038773, -0.0261009574207028, -0.0406826059508476, 
-0.0874094456936916, 0.0397673176624703, -0.00862274925286528, 
-0.0878214973980043, -0.0864877005635867, -0.085787260514826, 
-0.0810135862705013, -0.070113808121039, -0.0595630618364082, 
-0.0531409876442175, -0.0443454961509205, -0.0340868790607712, 
-0.0231122245813924, -0.0126386367357354, -0.00272113988679005, 
0.0061643190195885, 0.013819710924322, 0.0206643368675116, 0.0266406017108199, 
0.0309327980756835, 0.0346553681554421, 0.037900461371631, 0.0403468517963276, 
0.04101602449471, 0.0428413551837014, 0.0429291746382015, 0.0423739442013314, 
0.0408302102807459, 0.0388796243009608, 0.0366782506394169, 0.0343985872432335, 
0.0329928039012468, 0.0323071755579077, 0.0320618416898636, 0.0314899221304446, 
0.0304932537397579, 0.0290271077911845, 0.0277698230912009, 0.258774153044955, 
0.269987612006621, 0.2700352880018, 0.229701758990603, 0.117962766463134, 
0.0702776307557024, -0.117416990727215, -0.0731288018028466, 
0.089336213247267, -0.109648881826356, -0.119584392161351, -0.130487930617346, 
-0.13831683050097, -0.139522689832136, -0.138417596269296, -0.14220884995519, 
-0.145961161568276, -0.146417095484556, -0.144948861286084, -0.142797772462673, 
-0.139235309719278, -0.134116679336871, -0.127623889157449, -0.120356175528049, 
-0.11311461087788, -0.104810266970053, -0.095560786916182, -0.086063652322542, 
-0.0756554863779468, -0.0710445321777174, -0.0480713841106264, 
-0.0249216789593841, -0.00149305565839003, 0.0217868934383091, 
0.0450604306963995, 0.0684306335759761, 0.0918136230889036, 0.115184735687911, 
0.138592065548572, 0.162022441045307, 0.185484445830293, 0.208901929421389, 
0.232145571733572, 0.25542717002995, 0.0268336188978803, 0.000221104169269322, 
-0.0159136808135357, -0.000806185872159353, -0.0328523881177159, 
-0.0543639594460089, -0.0915803180879831, 0.0401708375034217, 
-0.0105285846226974, -0.0941988423396293, -0.0931994960941013, 
-0.0904306657086544, -0.0811435013180016, -0.0694293551001785, 
-0.0612951312551738, -0.0517518386512407, -0.0429933228947736, 
-0.0321649677165737, -0.0215056987853271, -0.0112592880014869, 
-0.00173744260161059, 0.00648565046031798, 0.0134529108118191, 
0.0202292582807928, 0.0268355226777557, 0.0313110868094155, 0.0341349309179814, 
0.0368597888781873, 0.0390853524501547, 0.04079774648614, 0.0422398938006845, 
0.0429496541594706, 0.0429394260814787, 0.0427551204174147, 0.0418144629995148, 
0.0407507181152373, 0.0397911672294052, 0.039151253856725, 0.0383802267022924, 
0.0373901957230563, 0.0362906987757889, 0.0345219881716487, 0.0321234960452175, 
0.0296385570057815, 0.250860649037059, 0.26665242696316, 0.274183392367415, 
0.221515622720831, 0.155973629082296, 0.109008660883117, -0.108249582141757, 
-0.10964179395932, 0.168501853136751, -0.0988755080398057, -0.122857426877072, 
-0.132943032450464, -0.132930701742732, -0.132102676999879, -0.1398001430847, 
-0.139259143376877, -0.136655830103326, -0.133534871532325, -0.133773278075043, 
-0.134995232723232, -0.135519989726469, -0.134672066068784, -0.132343348287413, 
-0.127522619838528, -0.122932093788965, -0.114891262305511, -0.106835779020839, 
-0.099975361526756, -0.0885665459872853, -0.0783409313460755, 
-0.0537071554336894, -0.0312401778210655, -0.00820502121027554, 
0.0151998399091361, 0.0386269450884209, 0.0617805996728113, 0.0848778994804447, 
0.108139591152199, 0.13148274656938, 0.154789281254556, 0.178041199193141, 
0.201252173296809, 0.224029743477389, 0.245455320183271, 0.0215060269461326, 
-0.00866020861251208, -0.0485988272792641, -0.0230321734163826, 
-0.0466448461617435, -0.0674871038906542, -0.0650864568493224, 
0.0387572255783369, -4.49634815152384e-05, -0.0787380783599939, 
-0.075619526578712, -0.0803148851546817, -0.0799029012353128, 
-0.0698440953962025, -0.061098544515255, -0.0565907275268285, 
-0.0473894194908173, -0.0369360079789384, -0.023505316250041, 
-0.0127867370357722, -0.00384449101681334, 0.00370015206743424, 
0.0118860171454522, 0.0200781939508591, 0.0283044325868439, 0.035930945057295, 
0.040922876903814, 0.0432046295235845, 0.0501089735200689, 0.0364176284314793, 
0.0378610579405868, 0.0425220705773731, 0.0427665336267666, 0.0418634364205451, 
0.0416695911778874, 0.042849731632688, 0.0432882139856203, 0.0433248792118043, 
0.0421849812320637, 0.0404231179768891, 0.0384030472298845, 0.0362332935527628, 
0.0334593365813058, 0.0284589173732849, 0.249708376233819, 0.266447855461955, 
0.272631240180579, 0.224132568331881, 0.137459436280388, 0.0932918260792055, 
-0.11738910470628, -0.0761619867439774, 0.118406890354857, -0.109145028068669, 
-0.117823657265775, -0.128011916694442, -0.13997530120891, -0.141592029533921, 
-0.141084464780685, -0.143608328156272, -0.145329950923707, -0.146565869134739, 
-0.148682471922166, -0.145644284320116, -0.140964005933502, -0.135732600895293, 
-0.129158180841671, -0.122082693080405, -0.114411031022817, -0.105610960701005, 
-0.095446717801166, -0.0855767744293575, -0.0760475905625405, 
-0.0718678665286226, -0.0491385927591345, -0.026341431980043, 
-0.0032405382558589, 0.0199175113557875, 0.0430330789654275, 
0.0661445951850417, 0.0893043599766773, 0.112510554091793, 0.13575878437084, 
0.15901894770854, 0.182309284441603, 0.205658872579644, 0.228854438507104, 
0.252044758145933, 0.028674049853844, 0.00129295599581826, -0.0221463187835147, 
-0.00841660477154654, -0.0381119398058733, -0.0589770893114891, 
-0.08321232147619, 0.0376549389932747, -0.00984668136921019, 
-0.0936831062405828, -0.0886863743209133, -0.0846886722600541, 
-0.0799028471134682, -0.0678750614064969, -0.0595704841756996, 
-0.0518192100483623, -0.0431769109557147, -0.0312411272500631, 
-0.0199374534983392, -0.00955329912426821, -5.18501311848092e-05, 
0.00783418742247699, 0.0144683738340064, 0.0209384216863767, 
0.0258650356241978, 0.0284453765830991, 0.0316906192605824, 0.0351911610471812, 
0.0384321364403364, 0.0380431113408152, 0.040409302096905, 0.041405516955161, 
0.0417146372909539, 0.0417794244526185, 0.0415940779613214, 0.0410853707948515, 
0.0403546989881659, 0.0395529388511459, 0.0388322023446835, 0.0381173758097459, 
0.0373532663708834, 0.0361990551178609, 0.0340029529327712, 0.0299661639938939, 
0.233888816796725, 0.274119517113375, 0.271677274105127, 0.221657846925927, 
0.137364514635978, 0.084619438618797, -0.125503472563026, -0.059639176527358, 
0.126983468447763, -0.113088687242301, -0.120466519810165, -0.133970296071667, 
-0.150517882651724, -0.145835728329523, -0.144314229216977, -0.145227596612681, 
-0.14728732353195, -0.14622336463316, -0.144085593192792, -0.140322467706876, 
-0.136827747319805, -0.131773050045721, -0.126325959509124, -0.119384557653506, 
-0.111320311320158, -0.102699034128136, -0.0935420116430858, 
-0.083962988100782, -0.07411906959445, -0.0685153747440422, -0.0477216418607339, 
-0.0259004123270768, -0.00241099807455021, 0.0212140487677407, 
0.0438252316757039, 0.066551035421556, 0.0891255516484345, 0.111718562099079, 
0.13450840355119, 0.157318990332684, 0.180389689127453, 0.204295517436854, 
0.228653398394019, 0.253074189312964, 0.0379283953996861, -0.0111876243280249, 
-0.0468031372186309, -0.0112294677022075, -0.0380339186820794, 
-0.0433352149809195, -0.0960665835829134, 0.0385494205971998, 
0.00424319875741892, -0.101347439079927, -0.0984963784065781, 
-0.0967117146202633, -0.0809193608834716, -0.0620099505244047, 
-0.0576963821339495, -0.050268545561444, -0.0400081323707302, 
-0.0292338346502391, -0.0190381899475392, -0.00955600809217839, 
-0.0002095950490855, 0.00807249174203213, 0.0157125831484749, 
0.0220252679607869, 0.0262108980867002, 0.0288087511988126, 0.0311110609334438, 
0.0333100127130153, 0.0355803833131984, 0.0386309379276592, 0.0410300499713512, 
0.039522287060413, 0.037159847490155, 0.0382851320862092, 0.0392842480926032, 
0.039896320559643, 0.041416364538495, 0.0428895355509847, 0.0436159661076108, 
0.0445047198159995, 0.0450272010363032, 0.0448275438750448, 0.0412652550490683, 
0.033243604802277, 0.26480843817593, 0.287551082311694, 0.287602903968714, 
0.260563192551277, 0.114311026089397, 0.0718769026923576, -0.101640280605963, 
-0.123903824298565, 0.107593820472289, -0.111633770497229, -0.118372693061625, 
-0.127850658391285, -0.130130541745961, -0.126162785958979, -0.116975067151104, 
-0.1167130858852, -0.125614364002582, -0.124802250056501, -0.123654564628929, 
-0.1243906671996, -0.125734598920679, -0.127732056084962, -0.128690035512035, 
-0.126381534525532, -0.125583608071758, -0.12401438424272, -0.12461552436744, 
-0.123390100746335, -0.0971667090649597, -0.0784943265135414, 
-0.0533698227938065, -0.0304876800422547, -0.00741790965079418, 
0.0158802102168298, 0.0391050924683081, 0.0626456136163449, 0.0859159147593348, 
0.108706833795006, 0.132054913742382, 0.155315229369468, 0.178588646694272, 
0.201688695418143, 0.224321205626978, 0.246393122051612, 0.0150223099520538, 
-0.0163014079831779, -0.0277313038953745, -0.0168224058247861, 
-0.041389349512773, -0.0508727438397985, -0.0727054722086492, 
0.0457803870862172, -0.00745132989583647, -0.0905264967356073, 
-0.0914162865827565, -0.090554457217594, -0.0817700603394966, 
-0.0782716027606342, -0.0644246345795199, -0.0484655781594695, 
-0.0362616550894216, -0.031985069512903, -0.0223432821291593, 
-0.0119402456302358, -0.00199657741887969, 0.00819707910638892, 
0.0196277635860216, 0.0237154404357726, 0.0265936196062412, 0.0279610799536184, 
0.0347959411323905, 0.050114088212919, 0.0519798208359995, 0.0421590643273952, 
0.04388384334411, 0.0499476998138131, 0.0513594738212194, 0.0494711903798481, 
0.0472104887951193, 0.0459103059685037, 0.0429928457800704, 0.0386867863272136, 
0.0354668812088793, 0.0323719103829155, 0.0295739783136471, 0.0268757712722727, 
0.0238546600688939, 0.0196775296045488, 0.259133015296348, 0.275698344370331, 
0.260379541579124, 0.212284215678528, 0.135573282376941, 0.0778393098314943, 
-0.124930418677681, -0.0768424060827962, 0.105226837278011, -0.108426680669451, 
-0.121676616284225, -0.131327851531471, -0.144502811060255, -0.144577247424525, 
-0.140557862841279, -0.13945168254546, -0.144625147063149, -0.145849081833887, 
-0.142680632284473, -0.139385930368222, -0.134101425237389, -0.13040235787335, 
-0.125065357225077, -0.119643103675628, -0.114091411819777, -0.105574212652061, 
-0.0957892115465616, -0.086250321683587, -0.0771897546610953, 
-0.0720698317575573, -0.0489347677405677, -0.0262725111320092, 
-0.00314443330541345, 0.020565502184564, 0.0441181433554297, 
0.0676223999386724, 0.090889920352206, 0.114144195473708, 0.13753389448689, 
0.160905726126734, 0.184229826207539, 0.207793058468085, 0.233083921362321, 
0.256341934610021, 0.0339292534314865, -0.0088199507084618, -0.0452639575319115, 
-0.0113411226035238, -0.0351643375668573, -0.0487544030828807, 
-0.0868491500280557, 0.0387385633353777, 0.000380410092806933, 
-0.091220999772964, -0.0890828716758691, -0.0938938646125166, 
-0.0825921797022965, -0.0666264716355959, -0.0598003635175914, 
-0.0506556600261613, -0.0413359999478126, -0.0314890489046031, 
-0.0222094357366862, -0.0130459368362221, -0.0043774638060292, 
0.00486750707127562, 0.0121699664056701, 0.0202688060867049, 
0.0269756449468982, 0.0296370321777098, 0.0330479546427651, 0.0366664373007572, 
0.0394653528571923, 0.0388152844391515, 0.0409992384372845, 0.0419472066436927, 
0.0402877567500638, 0.0396377867862684, 0.0392689424231074, 0.0394709365015525, 
0.0403866822254146, 0.0410546112575369, 0.0412778467294331, 0.0414722891327077, 
0.042088006816427, 0.0428426892377667, 0.0425486260201305, 0.0342783859468569, 
0.25394931751926, 0.266767049932852, 0.270996883801067, 0.224095358356326, 
0.122683185808469, 0.0807872831806229, -0.10829634055093, -0.0747600181869179, 
0.109132014588725, -0.108066978670585, -0.118180104403095, -0.127724740095282, 
-0.134445945456248, -0.135294341627036, -0.136508375827696, -0.143683417395285, 
-0.146848738644971, -0.147455968569689, -0.147418078932544, -0.144493502923832, 
-0.140644215464806, -0.134837852630752, -0.128752360383836, -0.122200602457321, 
-0.114700782933387, -0.106173996966407, -0.0971356773437413, 
-0.0877753560221198, -0.0778900040744624, -0.0721642977957726, 
-0.0492625260864825, -0.0260189496783011, -0.00257557234457789, 
0.0208416454342301, 0.0440997895311314, 0.0672683222582392, 0.0903369542566075, 
0.113542882083886, 0.136890377450011, 0.16022028974177, 0.183520409114307, 
0.206619219280133, 0.22938737320655, 0.252170389921888, 0.0243027656634624, 
-0.0039134120116459, -0.0262260367889847, -0.00585800727703067, 
-0.0326719076624728, -0.0501343480245764, -0.0941995252676307, 
0.04442366967848, -0.00383221086728382, -0.0940513859126546, 
-0.0929172101081923, -0.0904953426815314, -0.0816246457190325, 
-0.0717998797305276, -0.063358469388185, -0.0553397449424522, 
-0.0452873267477428, -0.0345162680944142, -0.0235729486586179, 
-0.0131635348614128, -0.00354589449591236, 0.00451709195769458, 
0.012183897817879, 0.0194940277279473, 0.0261768409011201, 0.0318054473073316, 
0.0364754089307566, 0.0403732478154503, 0.0436459637500333, 0.0455068270680086, 
0.0476608503816593, 0.0483167017336866, 0.0483460399529046, 0.0475313217802315, 
0.0462352153191262, 0.0439981736484709, 0.0411053848171638, 0.0386621725198078, 
0.0374390476148315, 0.0364556773422181, 0.035142486723085, 0.0327530019612942, 
0.0289036320596244, 0.0250532047680328, 0.246622803740715, 0.270923578871265, 
0.271492753840222, 0.219573918778458, 0.127376560345936, 0.0677897688189633, 
-0.118758688759219, -0.0619537642517881, 0.108858550688133, -0.109294196404413, 
-0.118571040946632, -0.13208920152248, -0.141514650718883, -0.140877480071208, 
-0.142581935434006, -0.147702973006185, -0.149301710907773, -0.149269440576674, 
-0.149047145964238, -0.146763827128523, -0.143080929777723, -0.13616221477323, 
-0.126958520865558, -0.117544530638408, -0.107430142280665, -0.0986937200343653, 
-0.090414114291836, -0.0823167246227916, -0.0738013700367916, 
-0.0689693602173704, -0.0470508577532148, -0.0243177348195306, 
-0.00109899167495661, 0.0220233833074235, 0.0450150933013144, 
0.0680252645776086, 0.0911060598395584, 0.11421737382964, 0.137263631405051, 
0.16034483678964, 0.183538969404519, 0.206969790257964, 0.230538280343853, 
0.253884649338197, 0.0373072010644605, 7.73395939068831e-05, 
-0.0392374391723889, -0.0113364648562023, -0.0429800013049099, 
-0.0582228486162026, -0.0930804881037244, 0.0409578797499418, 
-0.00292947328423502, -0.0947799993348295, -0.0936064951220936, 
-0.0935147307647431, -0.080203264636972, -0.0682226348465574, 
-0.061051847917563, -0.0523871213165395, -0.0410774119711389, 
-0.0305836486511609, -0.0194288925271406, -0.00791776698975152, 
0.00256367276261401, 0.0106416282419854, 0.013062800767822, 0.0153785883254205, 
0.0202099607753323, 0.0261148408063963, 0.0309225743370516, 0.0351595413791319, 
0.0381269587875188, 0.0408845615713298, 0.0432024534915477, 0.0430808585583208, 
0.0426137946969809, 0.0429176798877575, 0.0426158186796326, 0.0417525167346547, 
0.0406804350502661, 0.0403801637698706, 0.0407778273359922, 0.0413430687011639, 
0.0416436276588869, 0.0413997806154755, 0.0399926725914217, 0.0367522834812701, 
0.259150184541565, 0.276712977194819, 0.27297949089909, 0.247345332179727, 
0.120035460679386, 0.0754674381130818, -0.11429457766399, -0.080893319519907, 
0.0802865792938565, -0.112002589684211, -0.119940596656228, -0.123795993748422, 
-0.125746508423334, -0.1303933642419, -0.135365602067289, -0.137588558160697, 
-0.138226231520409, -0.142123219828984, -0.146114188122056, -0.149541934180147, 
-0.14829648429255, -0.142010642706625, -0.133956557165404, -0.124802783976595, 
-0.115711851122782, -0.105835131414269, -0.09642176875449, -0.0871920718076488, 
-0.0785417956763326, -0.0726981211744979, -0.0502359841396112, 
-0.0273637855074215, -0.00391031791152167, 0.0196780326381042, 
0.0434149438089642, 0.0670176347154101, 0.0904244425113009, 0.113843357755828, 
0.137311030185237, 0.160924098987539, 0.184524486328186, 0.207967543932924, 
0.231248050442324, 0.254672895259978, 0.026799846560767, 0.00447932563990937, 
-0.00434391106437112, 0.00288497605987104, -0.0316342382703432, 
-0.0521259349805427, -0.0914684023128543, 0.0389444277966635, 
-0.0136461233042875, -0.0959176259841236, -0.0913764193407387, 
-0.0850485798061039, -0.0755114420460906, -0.0663228914926434, 
-0.0588219282203716, -0.0510903774054449, -0.0404234566589043, 
-0.0298028927583895, -0.0214716192752683, -0.0110274200298259, 
0.00148319293921073, 0.0118523837731317, 0.0188783653735615, 
0.0230745188436349, 0.026152130670488, 0.0301904960558381, 0.0346681277655877, 
0.0382276398101634, 0.0404663781013347, 0.040405610837861, 0.0418252697572034, 
0.0403967870720029, 0.0384209234163692, 0.0364374724055018, 0.0348800563306807, 
0.0340900907112942, 0.033321120975104, 0.0326804662862205, 0.0319753944654398, 
0.0313500702715381, 0.0315537307098419, 0.031946306832412, 0.0316820276424878, 
0.0309661258461847, 0.238959334753807, 0.26082406611073, 0.263974773238274, 
0.23102953515931, 0.12115633388681, 0.0776535510110365, -0.125393934513492, 
-0.0563855452880558, 0.126490424534029, -0.107831514572309, -0.118541100995672, 
-0.137471089107759, -0.142757852373777, -0.148619783693653, -0.149988410913437, 
-0.149663025420811, -0.150900547879878, -0.14987250037177, -0.147868179248123, 
-0.145039793838125, -0.142883230378713, -0.135315235989627, -0.125165441078452, 
-0.116910283237094, -0.107146684380822, -0.097563239916499, -0.0886235324945667, 
-0.0800869542961414, -0.0721159772279569, -0.0700168640621734, 
-0.0454695948589992, -0.0228206754484078, -0.000413935371055033, 
0.0223417210659717, 0.0452266057695681, 0.067848932169281, 0.0905369193609887, 
0.113567905143309, 0.137121841163413, 0.160809687154695, 0.184363467139096, 
0.207969822458172, 0.231829776407499, 0.253160230431378, 0.0326051508141975, 
-0.00346712868978584, -0.0323456952155557, -0.0114278392699927, 
-0.0540459337169297, -0.0569292570724874, -0.0934486613126414, 
0.0365441552513331, 0.00167301954028, -0.0931317218323012, -0.100209289097415, 
-0.0910373175186916, -0.0796762062465355, -0.0705134346872578, 
-0.0581572403590529, -0.0498479260262831, -0.0389151628027205, 
-0.0272552279726393, -0.0170146069930809, -0.00483979231793175, 
0.00110987864402633, 0.011288095033547, 0.0128252963043744, 0.0147200633206138, 
0.0179817702074683, 0.0223677624278062, 0.0266227303019658, 0.0302347467917138, 
0.0329841174044036, 0.0348422456109387, 0.0377009073533634, 0.0407495748473016, 
0.0426686440595464, 0.0435527103528709, 0.0446587726332333, 0.0464196852828654, 
0.0479059863147113, 0.049046442461895, 0.0492417370609361, 0.0482809202770405, 
0.0463654242723966, 0.0434572808912253, 0.0382423782442471, 0.0281729454270005, 
0.250532360379876, 0.273327294522869, 0.271323081571346, 0.222735996690489, 
0.13034622453312, 0.0714897481996179, -0.125430234743603, -0.0677190198777636, 
0.111898338113266, -0.108434685435153, -0.120303287029452, -0.134027105014198, 
-0.143562369466571, -0.139181699789949, -0.139948243903944, -0.146084716525561, 
-0.148479031423828, -0.14826105270715, -0.147095424625796, -0.145919379434396, 
-0.143845248379629, -0.138084390435189, -0.129575138971601, -0.120831141981449, 
-0.111324974056408, -0.100613200762947, -0.0899462480488488, 
-0.0809011171104886, -0.0728023375032663, -0.0697503403930343, 
-0.0477553719595055, -0.0248220306652753, -0.000966512211791273, 
0.0222318873229274, 0.0449036386452803, 0.0678190250450572, 0.0909463434799499, 
0.114032744791609, 0.137123089324607, 0.160193447185022, 0.183432928407755, 
0.207205595901862, 0.231252003153715, 0.254870555188427, 0.0364482449359592, 
0.000331693603163429, -0.0341254737301424, -0.0101986154592837, 
-0.0385092274407397, -0.0549312117165957, -0.0851405351343416, 
0.0347221993313536, -0.00235478618244552, -0.0914080083162819, 
-0.0904345120088848, -0.0920779125997576, -0.0765939027141646, 
-0.0647260954779256, -0.0591539740829614, -0.0502551090240001, 
-0.0395411546883696, -0.0286817981296164, -0.0179776789857625, 
-0.00735894759062376, 0.00349403454521867, 0.0141578337926432, 
0.0167080654558964, 0.0177217536874985, 0.0197891373719552, 0.0223719644875781, 
0.0268964188697478, 0.0309319043540674, 0.0338988762032956, 0.0350263129987704, 
0.0365952479871252, 0.0361344413711024, 0.0368316192432113, 0.0383230945433889, 
0.0394553565830301, 0.0393079241117349, 0.0393703611139728, 0.0398694823051143, 
0.040622981220147, 0.0416401805669112, 0.0425641548511485, 0.0427998423983751, 
0.0409063133933707, 0.0365495039561168, 0.24742966714021, 0.259882097655697, 
0.259543909411609, 0.219394573804867, 0.135831607276585, 0.0829749636347631, 
-0.110418862196186, -0.0662949817894662, 0.122053437101471, -0.107994140693633, 
-0.118578797691619, -0.129466157713737, -0.137129325185632, -0.136842782301438, 
-0.140216833364821, -0.146706804527928, -0.152582149451457, -0.153439805623716, 
-0.150758733122263, -0.146124531205592, -0.140342502567304, -0.134199402139467, 
-0.127269473671491, -0.119710097649413, -0.111564863427042, -0.103238933226238, 
-0.0946516618071038, -0.08550074056563, -0.0759256257880706, 
-0.0709496840938888, -0.0481148907567965, -0.0250545913718424, 
-0.00181101872701007, 0.0214012482263234, 0.0445166029049232, 
0.0676437503571526, 0.090669404261005, 0.113798263084107, 0.136900820024306, 
0.160075385504007, 0.183345109593787, 0.206727371926887, 0.229972053246229, 
0.252727125504858, 0.032018887259894, -0.00767256070009177, -0.0340390157317984, 
-0.0128210175041038, -0.0378820917718098, -0.0527462874008527, 
-0.0967226815894044, 0.0455198356757701, -0.00232945641331377, 
-0.0975643414415033, -0.095785290073467, -0.0923284104996868, 
-0.0815016769217926, -0.0700664694293096, -0.0650390697263434, 
-0.0567850335327723, -0.0457960495432911, -0.0321195609877519, 
-0.0200340942317905, -0.00966577470746264, -0.00111338961387777, 
0.00648943325665088, 0.0129752748677022, 0.0189710720457969, 
0.0246341702615106, 0.0301376362964905, 0.0348951339962638, 0.0389092135113328, 
0.0425121411618425, 0.0455745082674241, 0.047575585160882, 0.0474554023488902, 
0.0464470899061793, 0.045533460207468, 0.0446024927088702, 0.0432809544655982, 
0.0408629619200839, 0.0396765515095445, 0.0396345383808991, 0.0395983826444565, 
0.0392667055531935, 0.0382038341963648, 0.0357410904682692, 0.0314959157490458, 
0.253615899651015, 0.268463709475074, 0.268999478211854, 0.223081029640836, 
0.12617531047184, 0.0818901239634692, -0.111439431084931, -0.0753230011342502, 
0.110260781969753, -0.109166628941377, -0.118980311081279, -0.128582730928124, 
-0.135220937042069, -0.133904780242047, -0.136390012323731, -0.143028884079437, 
-0.1442610500562, -0.14757123817487, -0.147452307444351, -0.144555976895988, 
-0.140625452041089, -0.134783349691224, -0.128431653475503, -0.122021838194888, 
-0.114694004108758, -0.106032761347307, -0.0969738981848161, 
-0.0875854241526706, -0.0777210618213312, -0.0721593746722449, 
-0.049333107595532, -0.0261148533341514, -0.00282084154240745, 
0.0204250958428244, 0.0436209103849528, 0.066848395623719, 0.0901128732141678, 
0.11338076906387, 0.136656108598096, 0.1599405178387, 0.18319441719648, 
0.206389829394611, 0.22957462827509, 0.252545030774225, 0.0258816964671104, 
-1.88266190708569e-05, -0.0184050000475556, -0.00754959870540075, 
-0.0416953687360374, -0.0620845716543817, -0.0923422816283933, 
0.0433230280941158, -0.00966259073387608, -0.0932551852277657, 
-0.0921116146343286, -0.0899694523622592, -0.080720572479488, 
-0.0703961301642592, -0.0614980339799292, -0.0539073457090682, 
-0.0439686145685371, -0.0337978568926075, -0.0225866501177222, 
-0.0122227747551762, -0.002763918748144, 0.00523407706626655, 
0.0126290632159611, 0.0201712776689302, 0.0268764560591208, 0.0317444149556486, 
0.036167570718287, 0.0397725657950557, 0.0429295688051517, 0.0442603368622935, 
0.0470855879708842, 0.0477531066656913, 0.0478431193109495, 0.0466295720230034, 
0.0448091553890703, 0.0429091516010502, 0.0409067704298339, 0.0393444950047929, 
0.0379946571272851, 0.0367216036902982, 0.0351418248752479, 0.0329778993083534, 
0.0306074885928376, 0.0292419000667617), .Dim = c(44L, 2L, 43L
)), ID = 1:43, Binom = structure(c(6L, 13L, 7L, 8L, 9L, 11L, 
1L, 3L, 2L, 4L, 10L, 5L, 16L, 27L, 21L, 23L, 26L, 28L, 30L, 33L, 
39L, 18L, 34L, 40L, 12L, 41L, 29L, 37L, 32L, 24L, 22L, 14L, 25L, 
17L, 43L, 38L, 19L, 20L, 15L, 42L, 35L, 31L, 36L), .Label = c("Amblysomus_corriae", 
"Amblysomus_hottentotus", "Calcochloris_leucorhinus", "Calcochloris_obtusirostris", 
"Carpitalpa_arendsi", "Chlorotalpa_duthieae", "Chrysochloris_asiatica", 
"Chrysochloris_stuhlmanni", "Chrysospalax_trevelyani", "Chrysospalax_villosus", 
"Cryptochloris_wintoni", "Echinops_telfairi", "Eremitalpa_granti", 
"Geogale_aurita", "Hemicentetes_nigriceps", "Hemicentetes_semispinosus", 
"Limnogale_mergulus", "Microgale_brevicaudata", "Microgale_cowani", 
"Microgale_dobsoni", "Microgale_drouhardi", "Microgale_dryas", 
"Microgale_fotsifotsy", "Microgale_gracilis", "Microgale_grandidieri", 
"Microgale_gymnorhyncha", "Microgale_jobihely", "Microgale_longicaudata", 
"Microgale_monticola", "Microgale_parvula", "Microgale_principula", 
"Microgale_pusilla", "Microgale_soricoides", "Microgale_taiva", 
"Microgale_talazaci", "Microgale_thomasi", "Micropotamogale_lamottei", 
"Micropotamogale_ruwenzorii", "Oryzorictes_hova", "Oryzorictes_tetradactylus", 
"Potamogale_velox", "Setifer_setosus", "Tenrec_ecaudatus"), class = "factor")), .Names = c("meanshape", 
"ID", "Binom"))
