structure(list(meanshape = structure(c(-0.317091793814413, -0.302217473260832, 
-0.303193019159401, -0.185860588892716, -0.185706910660575, -0.141904048022851, 
-0.142566183353993, -0.135926938882677, -0.138326914400955, -0.137589339099969, 
-0.0131009483421641, -0.0314987264221967, -0.0374122104374462, 
-0.0235050423696846, -0.0254270136980129, -0.0228422376148563, 
-0.0120555934325472, -0.00419048495376237, 0.000767583700392089, 
0.00569705161684836, 0.011247673552648, 0.0160396879054257, 0.0210899285845906, 
0.027464158266932, 0.0320340545416392, 0.033954327335646, 0.0370665955442491, 
0.0397432379163561, 0.0414787370562034, 0.0433375573952924, 0.0452302208655465, 
0.0468348183510845, 0.0490529683911752, 0.0519490103289224, 0.0545028439994017, 
0.0570406113938215, 0.0592405072937888, 0.060963927576372, 0.0627827512241368, 
0.0645531931630185, 0.0663819794267871, 0.0674007086420837, 0.0682474255943185, 
0.0684195960538798, 0.0675492982220989, 0.0666037752999914, 0.0655377005978671, 
0.0641132111316005, 0.0626604227821709, 0.0610412160613377, 0.0590861549911037, 
0.0569828205764109, 0.0550694898443386, 0.0533071021541614, 0.0522222184392321, 
0.0509002066239541, 0.048820161168667, 0.0466123741270829, 0.0445939048769202, 
0.0423208426912969, 0.0388850580825849, 0.0354001229461539, 0.0319607509258962, 
0.0272689472983201, 0.0215598552841884, 0.0161430137321417, 0.010878453749458, 
0.00545502908590306, 3.46882453686769e-05, -0.00560623581742482, 
-0.0115466858081317, -0.0175020830497345, -0.0224575031644655, 
-0.00021421334472348, -0.0161232891737731, 0.0171624943170176, 
-0.0663626503003071, 0.070837403405305, -0.0411081948023732, 
0.0457331390067518, -0.0110352492394941, 0.00152663939459745, 
0.015643850793071, 0.00520188467101519, -0.133118293989533, 0.131606081426114, 
0.117624489017118, 0.115326417111164, 0.120338852590294, 0.118718934044117, 
0.114840596359044, 0.111926602493279, 0.109460437733109, 0.106251574771612, 
0.103036216999682, 0.0999682364648368, 0.0954247715674243, 0.0894119716126204, 
0.0850575465446552, 0.0814655987220549, 0.0770245493961191, 0.0728085720437533, 
0.06865438337163, 0.0645590375960067, 0.0598451917033034, 0.0546206884030676, 
0.0498803454963405, 0.0451035082264398, 0.0401157952748227, 0.0353241590366782, 
0.0304887189484773, 0.0257382652012377, 0.0212141014759817, 0.0162533811592439, 
0.0105045698752214, 0.00446291877542798, -0.00169515308296936, 
-0.00768702241226925, -0.0135351699365026, -0.0189725027391021, 
-0.0239131365861467, -0.0283499346029729, -0.0331403297936618, 
-0.0384023792218583, -0.043877217814928, -0.0492911187582663, 
-0.0544162323038768, -0.0593648632648999, -0.0641221831143316, 
-0.0686731130830822, -0.0727774002914144, -0.0768568999012144, 
-0.0814774923913387, -0.0862862543262109, -0.0903938375920581, 
-0.0947754478965903, -0.0998914535636254, -0.10454887814352, 
-0.108287793741251, -0.111794518363072, -0.114932232970744, -0.117849747386755, 
-0.120930321060846, -0.123820754142224, -0.126515153997365, -0.128621491695335, 
-0.292901770243173, -0.275972935949943, -0.277892127217574, -0.179218104410684, 
-0.179910645404185, -0.129606423304058, -0.131912474895056, -0.128086551033183, 
-0.132073764760744, -0.129881024403713, -0.0139980083448342, 
-0.0525241023697393, -0.0570771611242181, -0.0204674808355733, 
-0.0262391306472522, -0.0264748281469853, -0.0258464413918127, 
-0.0175478421174967, -0.00641248495932201, 0.00327820104241792, 
0.0114419874298448, 0.0164296522328611, 0.0206902625709996, 0.0259027603839352, 
0.0316403151413256, 0.0350630990495343, 0.0366593994109786, 0.0388813444711097, 
0.0416756303247139, 0.0442027818946869, 0.0464758797657165, 0.0489210063761826, 
0.0508668271981281, 0.0520189647358151, 0.0534588501861671, 0.0562542450207088, 
0.0593541589393475, 0.0614633396557434, 0.0633538019326961, 0.0642548085099655, 
0.0653357452807893, 0.0663848584290052, 0.0669496350614079, 0.0671012458850206, 
0.0672864521483305, 0.0666266619820335, 0.065420787529778, 0.0640312366441148, 
0.0625403471927248, 0.0604878188210058, 0.0581992097508626, 0.056758553225206, 
0.0556096902280021, 0.0539682302353001, 0.0525827891193287, 0.0508203764891322, 
0.0481714597391648, 0.0457946132182735, 0.0441470070957804, 0.0423633213043546, 
0.0391995025003251, 0.035349458819949, 0.0325652744465418, 0.0275466442741905, 
0.0193791143501321, 0.0124649430723453, 0.00716498592185665, 
0.00200871576425302, -0.00637202077354761, -0.0170639349056111, 
-0.0244904094042899, -0.0276214420681556, -0.0189548860909367, 
-0.0010726069964395, -0.0210935789023345, 0.0203624526924456, 
-0.0727363893379339, 0.0749058740570143, -0.0472576135601652, 
0.0499889655773105, -0.0158096865318229, -0.00156298396050978, 
0.0146535790118086, 0.00266700017475053, -0.15943041757665, 0.159388449481593, 
0.139655299512111, 0.114693773773586, 0.119552443739961, 0.118006062940206, 
0.120107565867596, 0.125481390026071, 0.122032351524743, 0.116602386636712, 
0.112113096871517, 0.1082667239707, 0.104106682079616, 0.0982801967625909, 
0.0917618679457965, 0.0871677618785904, 0.0832019098082474, 0.0789932802231982, 
0.0746447910256463, 0.0702043789387449, 0.0654888851313784, 0.0605756082626367, 
0.0556172598683055, 0.0497492976688312, 0.0432714618158392, 0.0378466554951689, 
0.0330634165458391, 0.0283491307604843, 0.0231352279108243, 0.0173493610479651, 
0.011200286909886, 0.0047641740935847, -0.00166602465095834, 
-0.00814712638241106, -0.0145703380518513, -0.0203476697475783, 
-0.0256769911187274, -0.0304885604948219, -0.0355729365396928, 
-0.0417142479484525, -0.0479109272808511, -0.0533475163974551, 
-0.0585554879782219, -0.0637268998090008, -0.0690072013649155, 
-0.0739560449266037, -0.0783006812029174, -0.0821197666494428, 
-0.0866749148565583, -0.0929948336011576, -0.0976678668587906, 
-0.101946446048586, -0.109303109253201, -0.116167520121955, -0.120042726827358, 
-0.122765623120131, -0.126017129830143, -0.129933089704476, -0.132360154540123, 
-0.118972624801264, -0.118340639371549, -0.139990673686252, -0.309128162271924, 
-0.293904541853617, -0.294933179485474, -0.179439476002201, -0.180560917445968, 
-0.135183260414839, -0.134415145398727, -0.121473008413321, -0.12297057512122, 
-0.122445408921315, -0.0078446035232867, -0.0453216870299026, 
-0.0491889585321053, -0.0210784018069646, -0.0246307818650785, 
-0.0308282358263459, -0.0203948290229405, -0.00785469727737644, 
-0.000420200979207409, 0.00640139699956977, 0.0123135161810843, 
0.0177510048147417, 0.0231255970743832, 0.0281241113352504, 0.0321966506277701, 
0.036160594148713, 0.0397466755974902, 0.0410539657421183, 0.0422732239014181, 
0.0435967485483293, 0.045258915072314, 0.0472133032362505, 0.0492872514136749, 
0.0519112790003934, 0.0546738421245691, 0.0573837544118423, 0.0597533491663515, 
0.0617829675131216, 0.0636276406928755, 0.0653080238538725, 0.0669515814620368, 
0.0680205846236753, 0.0685246823542705, 0.0686811452323605, 0.068361957021446, 
0.0673770619366381, 0.0658232530416576, 0.0641487409045377, 0.0626977218779542, 
0.0610912502181705, 0.0590032088674651, 0.0563676636448449, 0.0532830691244475, 
0.0505556345095025, 0.0485458135347155, 0.0469437852943295, 0.0451013750197202, 
0.0437775911844403, 0.042457812658773, 0.0407141505447116, 0.0381230816789411, 
0.0342737628235246, 0.0303471505341836, 0.0265716619042131, 0.0214954096039194, 
0.0155388841095815, 0.00904457242953659, 0.0040405216370038, 
-0.00675796051224728, -0.0223887016064659, -0.026982215722384, 
-0.0301453916396855, -0.0185165985601384, -0.00386295582094783, 
-0.0213799194843327, 0.0148096516266507, -0.0701470058685959, 
0.0644839459325315, -0.0450590126977276, 0.0394225435715112, 
-0.0153299554717713, -0.00366133546088996, 0.00982857343191304, 
-0.000846266822122979, -0.150480202653059, 0.148535103574015, 
0.134530781374179, 0.113610058288186, 0.122066009646289, 0.126845211039922, 
0.120282485083168, 0.119915888217008, 0.117151951175682, 0.11387220457673, 
0.109655290716344, 0.105093948339334, 0.1004576807844, 0.0958603932926203, 
0.0912849176310744, 0.0855212142966948, 0.0803072534769456, 0.0760620529568309, 
0.0717886561871005, 0.0672486692817209, 0.0622382526029411, 0.0572013495811903, 
0.0522513707723005, 0.0470457045135433, 0.0417572614694402, 0.0366136053289212, 
0.0316931006531377, 0.0269198062901539, 0.0221255024942468, 0.0166829021611677, 
0.0105666469161785, 0.00413331363442974, -0.00230054105989162, 
-0.00868091510348477, -0.0148756826759151, -0.020464073312531, 
-0.0256576061857807, -0.0303781624867058, -0.0352295328011307, 
-0.0402975588278217, -0.0453262994738503, -0.0505403462019466, 
-0.0558968077020043, -0.0612656705509103, -0.066295591940516, 
-0.0710049665185472, -0.0753957611597906, -0.0797281131140735, 
-0.084249752497934, -0.0896436434326567, -0.0950891119184184, 
-0.0992738037665318, -0.10413378037211, -0.109207374176619, -0.114244735567233, 
-0.118398908906528, -0.121326446779455, -0.124778298673761, -0.124881991046917, 
-0.120650333505873, -0.110362854568578, -0.127517982311537, -0.313050236615996, 
-0.299811286572445, -0.301273825349802, -0.191194993495876, -0.192308678890322, 
-0.148087722413122, -0.148592668085833, -0.134521105156644, -0.131633463156478, 
-0.13697748037625, -0.00394345395334032, -0.0322859460882678, 
-0.0368556711004869, -0.0205660146180276, -0.0270192407658411, 
-0.0253942615492283, -0.0204263648979494, -0.00754159944413593, 
0.00101344838161374, 0.00666229886231324, 0.0125012376805006, 
0.0185238724647283, 0.0237623923145013, 0.0286983724903634, 0.0334187279098956, 
0.0371694158261704, 0.0396635940152727, 0.041421389091242, 0.0428190116471948, 
0.0449506056564217, 0.0471194087107659, 0.0492543022292071, 0.0514142127880383, 
0.0537081536687126, 0.0560323009023611, 0.0583704262619722, 0.0605733994723287, 
0.0624932566430368, 0.0642412976116601, 0.0654642880420203, 0.0667004178771634, 
0.06776374243182, 0.0684066206480389, 0.0682241570357711, 0.0679179613859523, 
0.0665610231939249, 0.0650494897587837, 0.0636123970132081, 0.062271956054718, 
0.0606778152996014, 0.059068198173597, 0.0569133278123055, 0.0546031313932621, 
0.0528224567057626, 0.0515487106348721, 0.0498466379650431, 0.047860655222769, 
0.046318324577774, 0.0448158418084761, 0.0428451085866058, 0.0399148010239551, 
0.035883256695659, 0.0315678001434633, 0.0275562194264359, 0.0227208143271547, 
0.0167053040456305, 0.0101528614774951, 0.00393042072497408, 
-0.00468800769810824, -0.0132626101285514, -0.0203464414621075, 
-0.0230286303320297, -0.0187251619636955, -0.00158419683214214, 
-0.018536880445735, 0.0158778417262699, -0.060990670359996, 0.0614066932045431, 
-0.0445736391778635, 0.0440365555644883, -0.0170939656971889, 
-0.00052439255084086, 0.0176747491535018, 0.00204357286096748, 
-0.13123490824433, 0.130814228664311, 0.117454821970282, 0.108464057712067, 
0.113145270818534, 0.117367701612474, 0.117232504218216, 0.114442031621405, 
0.111659585072745, 0.108672110721767, 0.104880332949019, 0.100744079948907, 
0.096543852684722, 0.091737192284086, 0.0865659678405687, 0.0817155824677249, 
0.0773854432914136, 0.0732070650128948, 0.0689330398890444, 0.064741950958134, 
0.0602741876412888, 0.0557478615628498, 0.0509479649875294, 0.0457620621026497, 
0.0405072147640623, 0.0354500439858135, 0.0306250000935781, 0.0260984378964213, 
0.0213908525921424, 0.0160019638027626, 0.0102215795073426, 0.00416806784570694, 
-0.00195035634936121, -0.00802568629777105, -0.0137332814194349, 
-0.0190516866937301, -0.0241507897377824, -0.0286537392596841, 
-0.0335023947069074, -0.0386333554852385, -0.0437381964849724, 
-0.0492783128205765, -0.054644727812481, -0.0594844740237637, 
-0.0640196063799168, -0.0685452731352713, -0.0728160639588126, 
-0.0769963589205747, -0.0815381903403066, -0.0867148174304569, 
-0.0917785598907797, -0.0960201003981146, -0.10006994931398, 
-0.104613541595533, -0.109326701973598, -0.113236044828868, -0.116199980695895, 
-0.117684158027274, -0.118953231596616, -0.118731759297037, -0.116320639377189, 
-0.12099083747021, -0.309119645607451, -0.295736792233443, -0.296952200534991, 
-0.188610446221534, -0.190129546321627, -0.143951369573986, -0.145858394136192, 
-0.116091484880234, -0.114109863267987, -0.117710163424114, 0.00907543244390136, 
-0.0571120020899393, -0.0597547310467713, -0.0361985016386633, 
-0.0306577334277385, -0.0253048439156847, -0.0163413641361275, 
-0.011001126276052, -0.00578627816553604, 0.0016629539969836, 
0.00691384026483081, 0.010988980158666, 0.0137459987924957, 0.0174756207469189, 
0.0255910343144103, 0.0324508980788977, 0.0369167408453143, 0.0422419205057977, 
0.046979513319973, 0.0497952031713591, 0.0511178103236136, 0.0534937917549759, 
0.0562171544063369, 0.0588497466052919, 0.0612488999195714, 0.0631635913363606, 
0.0643550693397768, 0.0653958960199438, 0.0674886814118676, 0.0694501499215471, 
0.0713524665162095, 0.0728092641123466, 0.0735028011496939, 0.0737149439131753, 
0.0733810021131002, 0.0716279246512264, 0.0699800106867142, 0.0683157975831093, 
0.0669522911359822, 0.0659624679076385, 0.0645102745508166, 0.0627346643317655, 
0.0606303304399979, 0.0586702302486552, 0.0564376616382605, 0.054056745498801, 
0.0516072356841938, 0.0485551155949399, 0.0448100516585056, 0.0395803856090206, 
0.0334983595323739, 0.0261325231024677, 0.019613587789735, 0.0174946598533414, 
0.0130746559668911, 0.00718365050042095, 0.00162024340146833, 
-0.0041042290792904, -0.00958876975455169, -0.0152704106654715, 
-0.0221030432329041, -0.0270309591529854, -0.033904374066411, 
-0.0045687022690068, -0.024261865871256, 0.0145982368338455, 
-0.0664234953411704, 0.062039413851516, -0.0433792955020609, 
0.0396423683453714, -0.0172596603928578, -0.00142766017427642, 
0.0154540553239656, 0.00214720017744992, -0.126881222644717, 
0.126109881629951, 0.121727567887181, 0.118833517086847, 0.118990745467056, 
0.116092479123953, 0.11283587248827, 0.111597357077877, 0.107521072364536, 
0.103100043430361, 0.0999153985304404, 0.0978779274404334, 0.0976487656014084, 
0.0963088234308578, 0.0914545173115399, 0.0883878452749468, 0.0844075761688554, 
0.0790177931056655, 0.0730787009770758, 0.0689687413433251, 0.0653548955728045, 
0.0604142716732613, 0.0551596117538108, 0.0493670699990807, 0.0434136825516752, 
0.0377803096643, 0.033066590405123, 0.0288907344459463, 0.0239304150359637, 
0.0180911784842007, 0.0113616943054372, 0.00443407866678621, 
-0.00235206366915053, -0.00977286512152931, -0.0166227769416301, 
-0.0222057862067063, -0.0273107738129761, -0.0316553545849362, 
-0.0365794840610497, -0.0420395018255305, -0.0480516239491129, 
-0.0538261148831942, -0.0589744301259408, -0.0641764494787918, 
-0.0688303848296041, -0.073827717962265, -0.0787882434494539, 
-0.0838718850565594, -0.0882764465072663, -0.0923399393866759, 
-0.0956210563461337, -0.0959039987725866, -0.0968736849733163, 
-0.101045472238344, -0.104503116702782, -0.107360687365136, -0.110050614061891, 
-0.11223867581303, -0.1146679892046, -0.116941032573253, -0.118284706822301, 
-0.121825653910027, -0.298619742483573, -0.286393126545344, -0.289232495563198, 
-0.174210240421322, -0.176933177335451, -0.134758080584157, -0.135825261366711, 
-0.124441799593837, -0.127922053084475, -0.128503488641336, -0.0138291771075401, 
-0.0531352997056238, -0.0593191389357554, -0.0296025850927109, 
-0.0434098056769723, -0.0341814185835659, -0.0254590449058476, 
-0.0076805064445642, -0.000177092798318126, 0.00400366802719234, 
0.0107881666750913, 0.0172920579055843, 0.0228646121204514, 0.0255438104854585, 
0.0304067638572906, 0.0352162040662146, 0.0381163843620788, 0.04028875704846, 
0.0422567036832149, 0.0444723794499172, 0.046759301737552, 0.0487295597342234, 
0.0513606983850095, 0.0538898109280626, 0.0562211607652797, 0.0594888372233811, 
0.0624590905083237, 0.0640738712947037, 0.0658254415670362, 0.0674180764974076, 
0.0684586475013124, 0.0689427946864729, 0.0694914603878642, 0.0698360044038112, 
0.0690260330350839, 0.0682225999466563, 0.0674440709804255, 0.065738335026266, 
0.0639885139234413, 0.0619453894540258, 0.0596209921363397, 0.0578527220535264, 
0.0558668718182752, 0.0542496694494678, 0.0535806586828396, 0.0518042070431515, 
0.0491584581768135, 0.0467062306906589, 0.0447164492699583, 0.0431698780049036, 
0.0407910885068818, 0.0362446588852215, 0.0314970931947133, 0.0276818643184423, 
0.0223915754622031, 0.016124250912604, 0.00961197587910877, 0.00208797633518972, 
-0.00834597058478575, -0.0210023269130772, -0.0303738899239452, 
-0.0335339289476988, -0.0268361752477807, -0.00344082747405704, 
-0.0188009453182213, 0.0167244819953703, -0.0678661408621679, 
0.0694297699713531, -0.0423988835779594, 0.046568365611371, -0.0134809613447811, 
-0.000394361101907045, 0.0149293871769628, 0.00523519124774998, 
-0.141331910760196, 0.13785204524733, 0.124193463886199, 0.117129035670256, 
0.122251170665255, 0.127753095081512, 0.124060713922786, 0.119565763178563, 
0.117846604519729, 0.113427828826388, 0.109297305857594, 0.103220261893937, 
0.099900555341241, 0.0963754015038019, 0.0905611447698875, 0.0851211020907407, 
0.0809074648637803, 0.0770046252981849, 0.0723548141519516, 0.0674058269003726, 
0.0629011100190884, 0.0584802201118019, 0.0537182481719281, 0.0486330094098759, 
0.0433500660597278, 0.0382710166017916, 0.0331707994945806, 0.0283228708425053, 
0.0231597345747139, 0.0170962039831616, 0.0108582915148448, 0.00456366701396439, 
-0.00212037571367947, -0.00865716007573034, -0.0147302729636138, 
-0.0207504952941542, -0.0261942081630183, -0.0306513244371195, 
-0.0353589270435044, -0.0409170385078714, -0.0464357652093092, 
-0.0513687624362492, -0.0572298541837338, -0.0625064978503662, 
-0.0679181955135041, -0.0727903721258149, -0.0769665143615359, 
-0.0806404077648822, -0.0845283592909731, -0.0905753337669682, 
-0.0967879909125342, -0.101701462374512, -0.105643079098272, 
-0.110834464402672, -0.116118555279985, -0.120248907984649, -0.124687838850343, 
-0.128461851207771, -0.129703092645223, -0.127591077828421, -0.114275803893404, 
-0.127532637851198, -0.313704847196285, -0.295820447181308, -0.297917664712064, 
-0.186720779632906, -0.188765177165746, -0.157265812518234, -0.159276306256324, 
-0.134694719525567, -0.132860155509349, -0.133455517607211, -0.0195912117073504, 
-0.0401121171561604, -0.0428923440382593, -0.0315957456746683, 
-0.0232991358876139, -0.0158807468076143, -0.0155221110486359, 
-0.0121226723757204, -0.0049739261434334, 0.00185271620217583, 
0.00941647947890583, 0.0161784345567617, 0.0207987808703647, 
0.0263489398204835, 0.032190205904787, 0.0361087931441078, 0.0401418561914566, 
0.0432707331970262, 0.0462311508107704, 0.0493044555602676, 0.0520589175014836, 
0.0542160371578014, 0.0563525168801625, 0.0585856216214359, 0.0606834692838753, 
0.062444104097729, 0.0637456485446003, 0.0643267343832074, 0.0647673710775206, 
0.0640287895540006, 0.0651688241729828, 0.0665504861111302, 0.067173935238096, 
0.0675938008648721, 0.0669369033917839, 0.0656200429868862, 0.066234752838989, 
0.0671746220091667, 0.0671755271585766, 0.0661912260632559, 0.0650969272768698, 
0.0639757630275502, 0.0614948854754653, 0.0591647341062631, 0.0568195095760992, 
0.0542038227886993, 0.0519328421672902, 0.0493706458855322, 0.045992863066798, 
0.0428610969328144, 0.0389578798618756, 0.033299974056748, 0.0282662404991471, 
0.0233978027117719, 0.0168731685390316, 0.0111835730577253, 0.00570967689844124, 
-0.00174140400488932, -0.00895911172110712, -0.0130057181161339, 
-0.0158956211998741, -0.0214221495877919, -0.0299778398285398, 
-0.00527053708240817, -0.0206575247331953, 0.0131687523371961, 
-0.0619266679491029, 0.0568036445160319, -0.0424821938276631, 
0.0456869045127949, -0.0142908584436313, -0.000685628102979351, 
0.015269196048038, 0.0041837823693136, -0.120667103404448, 0.121615400183888, 
0.119595645289232, 0.116616579658362, 0.111766036657548, 0.110819035929325, 
0.111513552180483, 0.110370138988295, 0.109004287149066, 0.106608228840757, 
0.102738943217101, 0.0995329795376635, 0.0965357564080038, 0.0919176598317005, 
0.0874562785676704, 0.0835099671861562, 0.0790681625754255, 0.075348485268845, 
0.0713628710611748, 0.0669684613993183, 0.0622230232510535, 0.0576551912897301, 
0.0527924663283849, 0.0475283226215776, 0.0421316409240534, 0.0368102477010517, 
0.0316263489987587, 0.0265986428660038, 0.0212865663215755, 0.0155140299840687, 
0.00985466759696646, 0.00385261040166045, -0.00221049243939857, 
-0.00822212809131772, -0.0140456211380529, -0.0197384897286885, 
-0.0251118035191637, -0.0303508281510957, -0.035531804688235, 
-0.0409865926480878, -0.0467627026664172, -0.0523085333214748, 
-0.0572179625426667, -0.0620629407152053, -0.066443523313567, 
-0.0707607059167601, -0.0753673785838672, -0.0794954458089796, 
-0.0832987344200665, -0.0883376428093184, -0.0929072736832821, 
-0.0959388331518995, -0.0996779739426418, -0.103223971429803, 
-0.105551641839571, -0.108237448674867, -0.110851297958268, -0.111851699128082, 
-0.112218226127991, -0.113589561799671, -0.116556980589488, -0.120495755626919, 
-0.305448785332958, -0.293576983223651, -0.294803431260936, -0.185263021898349, 
-0.189231790503058, -0.142043253349738, -0.144311114212199, -0.13152158215378, 
-0.133234738160019, -0.134604735540615, 0.000111969258674988, 
-0.0377787344503002, -0.0424945964881785, -0.0217754147014803, 
-0.0310030157537221, -0.030132825995291, -0.0239849662275883, 
-0.00951999747961719, 0.00538413274341336, 0.0107506450487117, 
0.0154153895153327, 0.0208174741843672, 0.0244926195294341, 0.029798482736271, 
0.0343298760715323, 0.0361239162373692, 0.0378165291944767, 0.038982078527703, 
0.0401878487727639, 0.0419415698579213, 0.0444037798302899, 0.0474014429489271, 
0.0503598314271601, 0.0531910216326056, 0.0561211386603396, 0.0586568797278841, 
0.0609958719451533, 0.06283886471189, 0.0643034241082469, 0.0656552404839202, 
0.067101395333447, 0.0678197357905945, 0.0680799720220817, 0.0682315474401799, 
0.0678609949252374, 0.0673258882192725, 0.0659964956285299, 0.0644231097299368, 
0.0628678390405139, 0.0614733174683396, 0.0596646288344926, 0.0571740624954726, 
0.0543295737898194, 0.0514001137390822, 0.0487762148320364, 0.046488584162684, 
0.0444270130746639, 0.0424574888310921, 0.0407622169878198, 0.0396356290091766, 
0.0392579922048708, 0.0367119340305086, 0.0324221694478791, 0.0290402513959629, 
0.0244048724537886, 0.0191610425936391, 0.0129240658919763, 0.00515767805227201, 
-0.00574091298020098, -0.02363425427069, -0.0231402169476474, 
-0.0243407489681389, -0.0178707346815991, -0.00327721421785332, 
-0.0205276042366985, 0.0150274983489398, -0.0668899533867965, 
0.0653324449701255, -0.0472194250454565, 0.0485018251427578, 
-0.0196835032444696, -0.000440101212443273, 0.0191310171172875, 
0.0046389528200525, -0.142372050062724, 0.13994305792786, 0.124272906176449, 
0.11193504160053, 0.116507520275031, 0.121067412931602, 0.125079888928239, 
0.119754230562086, 0.114978293527215, 0.11186746901627, 0.107004809935524, 
0.102860888665634, 0.0984397902726293, 0.0918330380152057, 0.0863757760069556, 
0.0821573961404058, 0.0782253111432147, 0.0738554779902628, 0.0691053076792249, 
0.0643652945546962, 0.0597221069188916, 0.0554915649350028, 0.0509770996226644, 
0.0462038796824513, 0.0411862164956892, 0.0361743800033949, 0.0313602199259738, 
0.0265149935378785, 0.0216288240196244, 0.0161886933556325, 0.0101642173284232, 
0.00395027487563685, -0.00228963853495584, -0.00850556059315716, 
-0.0145153112248998, -0.0200013004271179, -0.0250588811087158, 
-0.0297569088186023, -0.0347811074667099, -0.0397373682353446, 
-0.0446808475609158, -0.0496596689201354, -0.0544993504916396, 
-0.0594269728352158, -0.0642557104846807, -0.0689140806969739, 
-0.0732614812217279, -0.0773719134519238, -0.0811677614702231, 
-0.0860414667114866, -0.0925464579431131, -0.0978866782371618, 
-0.102357281911218, -0.107749404995294, -0.112452316120864, -0.11778186406405, 
-0.122520952510722, -0.126674970847284, -0.124246811737833, -0.116091962971469, 
-0.107737642332062, -0.129441595117525, -0.316731793095973, -0.299529216874575, 
-0.301070606348839, -0.193979365853252, -0.19387312001425, -0.159388125923028, 
-0.160128023805025, -0.13418559210617, -0.130693990622209, -0.133825002848332, 
-0.013598830748573, -0.0317055853972936, -0.0369856650175816, 
-0.0257165213735065, -0.0229255276838978, -0.0208185909796008, 
-0.0170832864943055, -0.00821041719759501, -0.0018650220033521, 
0.00426978108183412, 0.00974284759732025, 0.0149314252453894, 
0.0204487416360762, 0.0264086744363994, 0.03210123300862, 0.0358825036867843, 
0.0393420726294401, 0.0426929900415085, 0.0452205493459022, 0.0477282535697405, 
0.0502000663535192, 0.0526648006195446, 0.0546206436415918, 0.056295540353286, 
0.0579812277451854, 0.0594001458482523, 0.0610161254339986, 0.06275722774304, 
0.0642799881957454, 0.0657761211278587, 0.0671553273537599, 0.0680298594035656, 
0.0686471775406221, 0.0687422765433965, 0.068552211335418, 0.0676449963800309, 
0.0664816908683067, 0.0651658997397475, 0.063736122801363, 0.0623500664621092, 
0.0609434906903701, 0.0595362435680611, 0.0581526454966695, 0.0569832269755597, 
0.0553624518104492, 0.0534998171936107, 0.0513164650578816, 0.0487783659596263, 
0.0463983674272595, 0.0430156981139942, 0.039293443975335, 0.0353164478354011, 
0.0300756432116452, 0.0247044948675612, 0.019353264325547, 0.0137477514787303, 
0.00794125017286094, 0.00205901767266407, -0.00431926985867603, 
-0.0124222388725398, -0.0167809625432968, -0.0201893559659939, 
-0.0207185619747162, -0.000818548261011818, -0.0168580528176303, 
0.01729049384088, -0.0602258568355003, 0.0599618828610134, -0.0423036712130223, 
0.0405760417199099, -0.0145108496498135, 0.000118400047221363, 
0.0152784997373346, 0.00219149313673908, -0.127219796128312, 
0.124326315298131, 0.119469370427732, 0.107631714002907, 0.110117287333608, 
0.112788571777488, 0.111072795778003, 0.108978269215786, 0.106608164954777, 
0.103952255125949, 0.101536231645264, 0.0986604527539489, 0.0952019400250018, 
0.0906767538493549, 0.0861272921196061, 0.0824553554223711, 0.0781556825917175, 
0.0737913792628102, 0.0697428399325021, 0.0658022743010817, 0.0613937865161173, 
0.0566770249711998, 0.0518250029250812, 0.0467236305022822, 0.0413975297304668, 
0.0359151788688089, 0.0308430004522025, 0.026077003226538, 0.0214222807064546, 
0.0161186524443637, 0.0103350249232228, 0.00419262789471514, 
-0.00196458882845753, -0.00795314774911385, -0.0137999259765884, 
-0.0192215923012178, -0.0242526561376242, -0.0288129990677373, 
-0.0338822621659857, -0.0393416388107654, -0.044813537484827, 
-0.0501584904923364, -0.0551375912295986, -0.0599996323398787, 
-0.0647981391746032, -0.0694792968286382, -0.0735413252056614, 
-0.077821368083152, -0.0822692074640091, -0.0863961055804376, 
-0.0909020694173874, -0.0953549052553043, -0.0990321133779008, 
-0.102450480093576, -0.105551552959602, -0.108467528768713, -0.110987119986905, 
-0.113486600994036, -0.115291479972771, -0.114587543991291, -0.113450149970758, 
-0.120290675708421, -0.316484886620725, -0.298336662385107, -0.298997671936972, 
-0.189975500348568, -0.192018874592526, -0.139253958828637, -0.139456579284834, 
-0.122639671824932, -0.130696342828016, -0.125917735584378, 0.001442860347522, 
-0.0346067911825025, -0.0389688394170554, -0.0189815622702225, 
-0.0184803341632383, -0.0222455730560747, -0.0206299624703017, 
-0.00799850388898955, 0.00605725731080898, 0.0130318757197486, 
0.0165620909448192, 0.0189351696919013, 0.0238643396606203, 0.028540721833476, 
0.0315443008023595, 0.0334867817172314, 0.0360381144639662, 0.0377832223250791, 
0.0383934726362702, 0.0391052521480853, 0.0422473310735878, 0.046246164913417, 
0.0493096227731861, 0.0523524081099223, 0.0554190385246655, 0.0582750699384153, 
0.0600277608495321, 0.0608331081515415, 0.0620056786571828, 0.0631310676900649, 
0.0640834741038856, 0.0647571579825772, 0.0651849618911898, 0.0653677287701407, 
0.0649591262149962, 0.0643223819539073, 0.0636233675001364, 0.0631006415827444, 
0.0620559129691671, 0.0606899198644926, 0.0590372825267262, 0.0568635770272343, 
0.0541293058338311, 0.0515682685292776, 0.0484605693959137, 0.0443994351500366, 
0.0422338005586554, 0.0413741920351791, 0.0402182393571332, 0.0395363459682629, 
0.037719894102318, 0.0349954949990138, 0.0318296799673375, 0.0277173290101057, 
0.0234820368088715, 0.0193221893595141, 0.0151420201725867, 0.00953462676959323, 
-0.00388767375531651, -0.00669433506150476, -0.0234290672430545, 
-0.0225915195228978, -0.0180496244223784, -0.00130649183262527, 
-0.0234908532754132, 0.0216870364455184, -0.0758191972774327, 
0.0750094154531334, -0.0445864998419574, 0.0422786831343738, 
-0.0193549845503008, -0.00163198756477952, 0.0158047002646426, 
0.00294149158677803, -0.147371998387813, 0.14605906675189, 0.128738845453443, 
0.111719809586745, 0.113062447444926, 0.117376073571766, 0.122482293434111, 
0.120628232598172, 0.113748163459109, 0.108979003475408, 0.106705459529853, 
0.10227116903319, 0.0964881457591496, 0.0911018316460724, 0.0871389137109319, 
0.0827313013536868, 0.0782502382903401, 0.074436640436725, 0.0693004805584922, 
0.0633413315287043, 0.0588171224268181, 0.0550463495838494, 0.0508230598351484, 
0.0460545675098027, 0.0413952155389375, 0.0371866264135955, 0.0321897063995533, 
0.0268128829169645, 0.0217823607619771, 0.016234688074343, 0.0103358135745898, 
0.00419225954733856, -0.00185186644889683, -0.00783994201565499, 
-0.0138777519073575, -0.019688767256395, -0.0250572036637217, 
-0.0295619662585372, -0.034480557132759, -0.0395562968833359, 
-0.0444361355553436, -0.0494128921847789, -0.0537985331837303, 
-0.057438593072268, -0.0624126804965496, -0.0685717265291699, 
-0.0731172937064045, -0.0776404530804026, -0.0818167899461576, 
-0.0867850610120139, -0.0915568337230251, -0.0967707525053983, 
-0.101876985704787, -0.106518944743526, -0.11098826315671, -0.11513547622574, 
-0.120201860840679, -0.120991876016495, -0.12006645054963, -0.123341739837003, 
-0.115381793109889, -0.129413927613397, -0.319538302096512, -0.303765166656898, 
-0.303213919863425, -0.189755704896164, -0.189679755228777, -0.145261554282546, 
-0.146521363087941, -0.131273839096091, -0.129074166543386, -0.130105503950715, 
-0.0067551855715125, -0.043904380887555, -0.0483183739406497, 
-0.0350776278213479, -0.0264533066938145, -0.0174684543356845, 
-0.0107008089664678, -0.00427779746822226, 0.000385231970270537, 
0.00383008017616608, 0.00612447311534404, 0.0078901243462496, 
0.0129051388015952, 0.0182623987144939, 0.024363689096332, 0.0305777344614312, 
0.0357770343982041, 0.040801762538613, 0.0459263113665825, 0.0497135916153029, 
0.0528393081049367, 0.0548697674657304, 0.0574253923932284, 0.0603006389916652, 
0.0623473974131503, 0.0638108228898002, 0.0638474957196089, 0.0645329192247343, 
0.066863921200205, 0.0686412377110142, 0.0696153475797646, 0.0706099822641839, 
0.0706597642206453, 0.0707051338899061, 0.0711331780250836, 0.0715942643568342, 
0.0702176817821862, 0.0691485265986604, 0.067737320223345, 0.0659827628343453, 
0.0653405628943708, 0.0644352818404509, 0.0620091078889425, 0.0597480721274319, 
0.0576570210331936, 0.0547211399860035, 0.051756961313809, 0.0476157359641924, 
0.0435188728025067, 0.039051842737649, 0.0336352140243112, 0.0280847784170132, 
0.02162570159826, 0.015343588869268, 0.010339117989447, 0.00664865225120946, 
0.00486724801433886, 0.00201065975529387, -0.00110859266263793, 
-0.0076119834583928, -0.0151545143017142, -0.0223773048177733, 
-0.0304523863690787, -0.00133288662656308, -0.0176918534209115, 
0.0147880901874932, -0.0636238099371959, 0.0593474686961167, 
-0.0383985551872663, 0.0323157119861405, -0.0174809023228689, 
-0.000968568145911033, 0.0134755968845153, 0.00295568039193293, 
-0.127463934341093, 0.125240428302239, 0.123984069246789, 0.122598190085093, 
0.11902457814693, 0.114574720713512, 0.110056587168984, 0.104479113193302, 
0.0999061094583026, 0.0955984966263804, 0.0922685008186008, 0.0904104642789042, 
0.089845434302593, 0.0891788721722041, 0.0870630975406596, 0.0842958113409203, 
0.0818118902014103, 0.0780622473935444, 0.0733551242543452, 0.0686818587424326, 
0.0639152627562936, 0.0598256604372133, 0.0545780232964524, 0.0487393400252561, 
0.0428632119196171, 0.0373652202144634, 0.0320930165038702, 0.0276993803582221, 
0.0225727791526007, 0.0167023499511022, 0.010476874192594, 0.00402595381802586, 
-0.00189305905922198, -0.00772666544687198, -0.0145007375330488, 
-0.0208023666897695, -0.02622087156192, -0.0311274110760266, 
-0.0358505721428058, -0.0412532181653669, -0.0472724791669926, 
-0.0531322877013668, -0.0579955558745554, -0.0631798832277436, 
-0.0679424533478671, -0.0728737847893842, -0.0771064655799019, 
-0.0804081683706464, -0.0839468510790153, -0.0871201103308288, 
-0.0897926163373483, -0.0923663514419428, -0.0924809143736592, 
-0.0930929244556708, -0.0958208792910916, -0.0994930569995715, 
-0.103273737610221, -0.10867970602971, -0.114875454197805, -0.119322783511557, 
-0.122496402450473, -0.125166936934862, -0.319164407999725, -0.296513103912594, 
-0.300908003786922, -0.183108755643382, -0.186061148109301, -0.144062349329135, 
-0.147671726909272, -0.133338444774354, -0.133811070968483, -0.13508841544752, 
-0.0159128740392912, -0.0360228468791304, -0.0422388038233099, 
-0.0279810419380113, -0.0221002783359496, -0.0247780233179232, 
-0.0181239914617422, -0.00845355821144439, -0.00165629039915541, 
0.00358654349293198, 0.00911476396688587, 0.0151793740410597, 
0.0225881200711533, 0.0295226658611783, 0.0326636241303189, 0.0360871767930933, 
0.040821922064231, 0.043080480851278, 0.0437991844962323, 0.0463607337018497, 
0.048890787070467, 0.0515142836000335, 0.0539590849974326, 0.0557852040058298, 
0.0574233117845272, 0.0592865780618951, 0.0607517041026302, 0.0622565347338382, 
0.0636128225650104, 0.064905751117983, 0.0659123207896722, 0.066339638061689, 
0.066799498845916, 0.067249778901177, 0.0660404088571214, 0.0649715447101983, 
0.0638269454921399, 0.0627488192156548, 0.0617745161752403, 0.0606401608093539, 
0.0593772415709791, 0.0582453803301439, 0.0577066901972598, 0.0563669733565067, 
0.054860298018146, 0.0536176809352276, 0.051167989015533, 0.0483591359172466, 
0.0458953116546263, 0.0435195496230578, 0.0421775263703555, 0.038857018651545, 
0.0327301834356929, 0.0277406093512013, 0.0229687826806348, 0.0159948919866135, 
0.00941637035118597, 0.00359912163975196, -0.00420608373771358, 
-0.0163097717840011, -0.0235594358800694, -0.0257042038689844, 
-0.0233204078963177, -0.00249339820538434, -0.0194336874923329, 
0.0164572053389827, -0.0656717868320244, 0.0676069780188898, 
-0.0379744420982026, 0.0418796678933317, -0.0156675751475748, 
-0.000214159562145783, 0.0169858323322234, 0.00564642150114477, 
-0.128937690183176, 0.125683098615842, 0.117622026483024, 0.111264217425458, 
0.115401208472121, 0.116602385080876, 0.114693709084649, 0.112214222125701, 
0.110163243330217, 0.108226522118232, 0.105688599306569, 0.10207583181398, 
0.0961081253476786, 0.0911369419439309, 0.0884728877717189, 0.0832885943224233, 
0.0775617540968563, 0.0734182554217997, 0.0696721682068625, 0.0656959306018934, 
0.0614060389437718, 0.0569011444326275, 0.0520362612975554, 0.0467770058558198, 
0.0414817566551311, 0.0361969074528273, 0.0310652465119813, 0.0261513881473686, 
0.0213587171785572, 0.0159700034159036, 0.0101125221417373, 0.00404522008107433, 
-0.00191745254154919, -0.00767423941612206, -0.0134747176129627, 
-0.0189356607812407, -0.0242277518972458, -0.0290109741269451, 
-0.0340452850812752, -0.0396214714900704, -0.0453850067149879, 
-0.0506276778096251, -0.0554828985804761, -0.0602719366137134, 
-0.0653155856498574, -0.0702010487164447, -0.0742237729003422, 
-0.0782606373930925, -0.0816331303378394, -0.085780219619256, 
-0.0926310035609996, -0.0986776142918635, -0.102265792579994, 
-0.106511600841648, -0.111044100477524, -0.114045328104507, -0.116691697222575, 
-0.119692922781909, -0.121274116105099, -0.119122857796695, -0.10438852433611, 
-0.124240273865951, -0.343280221735917, -0.33612104462303, -0.337393305930561, 
-0.205817458337736, -0.207668056315746, -0.150643322501707, -0.15278840932051, 
-0.142211778509652, -0.148539577239381, -0.144346485943542, 0.0367065591591253, 
-0.0425837438349167, -0.0411236265179419, -0.0314353854381628, 
-0.0274309624040051, -0.0223111376047097, -0.0168763018025228, 
-0.0107563617863802, -0.00490430814951663, 0.000727589345953667, 
0.00635194799629078, 0.011491836531072, 0.0163541429506242, 0.0215986921527468, 
0.0268683314013535, 0.0319103919959507, 0.0365772823145112, 0.0410350944112426, 
0.0449852049896989, 0.0487348119975287, 0.0527224944751697, 0.0571204262418783, 
0.0609909047881509, 0.0648099697278326, 0.0682249008880692, 0.0712336349076048, 
0.0745908810976483, 0.077230789466104, 0.079073358377236, 0.0803313861465733, 
0.0817708746023238, 0.0825475600009109, 0.0831191856769219, 0.0829865736749548, 
0.0824180725877022, 0.0813049898944228, 0.0797202482973585, 0.0782026436914418, 
0.0762964482886267, 0.0734235905962835, 0.0711357573890757, 0.0678883658457341, 
0.0640398686768353, 0.0600884391372797, 0.056331946332267, 0.0528261024668523, 
0.0490310624899253, 0.0451859631196189, 0.0412736959997324, 0.0367096876008954, 
0.0320301542772528, 0.0273420358697899, 0.022231940861618, 0.0172609748302655, 
0.0119637742389883, 0.00616990184694008, 0.000723636710801575, 
-0.00468180275326923, -0.0103592566764093, -0.0155322024653237, 
-0.0203246959815995, -0.0258583630417614, -0.0307063174528846, 
-0.00522597970407014, -0.0220084071625061, 0.0123333854470427, 
-0.0510353639477756, 0.046528406569433, -0.0458284106172162, 
0.0431833613560237, -0.0195458628929591, -0.00229534920673825, 
0.0153072805434234, 0.00171355085632545, -0.0897379571630129, 
0.0890773374456861, 0.0894960858840384, 0.0890213763381347, 0.088364207222948, 
0.0872878993928829, 0.0862466147237631, 0.0855730980853691, 0.0849966273196703, 
0.0845370488055909, 0.0844700925302709, 0.0834831059819652, 0.0819698826216912, 
0.0802554483930819, 0.0783256713266273, 0.0758029225380348, 0.0733512016239746, 
0.0714538832896294, 0.0692154632605402, 0.0664486995667373, 0.0634856955322934, 
0.0595244488827473, 0.055185688277355, 0.0502100189116115, 0.0454934890343397, 
0.0403513027075655, 0.0345644745257223, 0.0287858894051182, 0.0234360300291191, 
0.0173016044716713, 0.0105434774509224, 0.0036718154122416, -0.00339919048377769, 
-0.010279649852548, -0.0171770101968586, -0.023206847679624, 
-0.0285828664277695, -0.0343310129061374, -0.0388346380377566, 
-0.0436398866119307, -0.0490046055531664, -0.0539451546278818, 
-0.0581794198586974, -0.06139637236803, -0.064806350466515, -0.0674442740505734, 
-0.0694210574464965, -0.0716838973029239, -0.073808740629609, 
-0.0765048664204947, -0.0784037819411868, -0.0800455848096973, 
-0.0814744373264772, -0.0823378023301173, -0.0834575170810776, 
-0.0847972568950414, -0.0858387308395078, -0.0870894380723262, 
-0.0883042818021906, -0.0888685046137014, -0.0893155012430003, 
-0.089740577194199, -0.340806708691692, -0.334548755002492, -0.335180638937893, 
-0.206642915968364, -0.20688451853477, -0.149105333546502, -0.150585471683258, 
-0.146303309246274, -0.152999590317311, -0.148392495506506, 0.0479811413123398, 
-0.0384824820246196, -0.042577051977043, -0.0298737808241236, 
-0.0254510487251289, -0.020149701298854, -0.0144195104340629, 
-0.00910839841135307, -0.00414438489240438, 0.00122351724334886, 
0.0065924036662844, 0.0118685113589164, 0.0172265311787726, 0.0225238933987981, 
0.0277085620687797, 0.0330147633334663, 0.0377842078535419, 0.042038018079613, 
0.0462027886197948, 0.050668672173723, 0.0525611150103809, 0.0560591251953655, 
0.0600887283755829, 0.064778234490444, 0.0711247914567111, 0.0774098978273149, 
0.0762114525469857, 0.0729229548294303, 0.0722484274014806, 0.0702445023484153, 
0.0684225197108368, 0.0674484445523287, 0.0673244913339516, 0.0674166352361488, 
0.0674258828458145, 0.0673855736144741, 0.068736321552533, 0.0708461156711961, 
0.0724644414210524, 0.0735124654995377, 0.0782603052119405, 0.0768133077100106, 
0.069255602027961, 0.0642230119580131, 0.0598250728430507, 0.0565976410746676, 
0.0530558378387242, 0.0492771739297423, 0.0449401778037499, 0.0404107127487885, 
0.0358473638182233, 0.0307249515733922, 0.0254711715265749, 0.0201251684781068, 
0.0147251723402434, 0.00928626697900257, 0.00411227883923474, 
-0.00105194283423278, -0.00639059514990055, -0.0120678078429956, 
-0.0177749290162446, -0.0221608384236456, -0.02731413861912, 
-0.00207838956001406, -0.0179387529580808, 0.0163182778199141, 
-0.0457867549442347, 0.0463065741548895, -0.0428809872213363, 
0.0447720542942609, -0.0148792786610235, -0.000827733552731007, 
0.0139727527101125, 0.000301177079799988, -0.0900495803214008, 
0.0878016270457517, 0.0890410282360389, 0.0890869024811532, 0.0889854196205241, 
0.0889439772901308, 0.0890003285825474, 0.0886608733667556, 0.0878846076546766, 
0.0871382904864743, 0.0862752629627803, 0.0849949093815707, 0.0833693413652538, 
0.081445853838767, 0.0793969623664712, 0.0771635012630691, 0.0744540282578631, 
0.0721371910557148, 0.0695211304842138, 0.0657733496285288, 0.063571725978538, 
0.0617153680763655, 0.0586451377020182, 0.0540525390564927, 0.0445103010195914, 
0.0340040037691075, 0.0301668456196552, 0.0256675184633169, 0.0209632782377055, 
0.0163755486178691, 0.0105790815420283, 0.00432965860116367, 
-0.00180468878009975, -0.00789619992218283, -0.0142229654530435, 
-0.0198023750710661, -0.0241693611983038, -0.0286791238614278, 
-0.0327367424840647, -0.0374402338468636, -0.0505091842265928, 
-0.0577562954117661, -0.0620121430456059, -0.0645582757893528, 
-0.0669260542269954, -0.0694752214757547, -0.0727651530363628, 
-0.0748961066877816, -0.0768114515537525, -0.080018422457743, 
-0.0823037082917757, -0.0841219180751086, -0.0857522679352406, 
-0.0871235439676903, -0.0883096496306122, -0.0893874151965438, 
-0.0899718448268075, -0.0903187441676266, -0.0905657433241102, 
-0.0909235262475202, -0.0911428526140602, -0.0904837380864382, 
-0.358759104145691, -0.350444426368794, -0.350269820822694, -0.207923987993193, 
-0.206833910459473, -0.148984266136008, -0.14958226949541, -0.131295599502182, 
-0.136995751337984, -0.132103595836977, 0.0355810583819114, -0.00913490109373222, 
-0.0147554154791164, -0.0280391331022846, -0.021187971504073, 
-0.0153895608357616, -0.00985329958703804, -0.00447194123273137, 
0.000756218060416784, 0.00567878536342818, 0.0108615988409944, 
0.0161456899544677, 0.0213595290575378, 0.0264295108622616, 0.0303457684611519, 
0.033908374500123, 0.0396031636578402, 0.0437606924433947, 0.0450162746561034, 
0.0458448581734514, 0.0502258568640692, 0.054979581336733, 0.0572365779776674, 
0.0599000646605232, 0.0623914296539838, 0.0638276447127852, 0.0650702269419124, 
0.0681065776315651, 0.0695244913722106, 0.0665887322376269, 0.0636079761742325, 
0.0637086338268476, 0.0644971921868535, 0.0649236265745744, 0.0643368396500639, 
0.0633145870675635, 0.0635541893697466, 0.067672589084669, 0.0706089870818195, 
0.0687877915842996, 0.0665777092645266, 0.0645823361730625, 0.0606866249773761, 
0.0576038905524929, 0.0559736350296599, 0.0532889591292559, 0.0491813166326252, 
0.046155042781261, 0.0438546530580899, 0.0403863540666941, 0.036277295716208, 
0.0346988494949386, 0.0313315633207095, 0.0252235982927449, 0.0194142895122446, 
0.013652204891606, 0.00856425212914462, 0.00372786217831649, 
-0.000860671413957469, -0.00657159297975124, -0.0128941444202047, 
-0.0183103349359698, -0.0246738569207583, -0.000324646971614655, 
-0.0154637113527738, 0.0147318575056086, -0.0518721240818215, 
0.0516159275581674, -0.0459735658708654, 0.0453725183500474, 
-0.00997950111764716, -0.000554245829001429, 0.00942308294597626, 
0.000443887721399198, -0.095835080922354, 0.094157628862352, 
0.0967179440750371, 0.096648074344014, 0.0958229429040583, 0.0949907961269374, 
0.0941289521278226, 0.0925475703978194, 0.0902658708734329, 0.0879440419981386, 
0.0863867093164447, 0.0848905610845054, 0.0828145384663817, 0.0794747998548505, 
0.075250701072469, 0.0723654644191494, 0.0709470163769412, 0.0687732567146034, 
0.0634499548880204, 0.057904199600582, 0.0557737057382955, 0.0531566537908543, 
0.0488181960151968, 0.0448138063220729, 0.0401228543238993, 0.0339152077857033, 
0.029231022118349, 0.0262534087480188, 0.0239511721646355, 0.0169211411963953, 
0.00914327535387364, 0.00294181163485433, -0.00165494662203972, 
-0.00632352286164114, -0.012621787117378, -0.0209417490162621, 
-0.0278761946121688, -0.0294153197074979, -0.032157490785565, 
-0.0378680812074469, -0.0413435298557314, -0.0458129828501884, 
-0.0516641242427443, -0.055702246560247, -0.0577903390744457, 
-0.0610352725316972, -0.0657128010462415, -0.0689038411408139, 
-0.0719124303142607, -0.0758188063553229, -0.0809997673943195, 
-0.0851136896357486, -0.0875917581889072, -0.0893372175510636, 
-0.0905559929497257, -0.0909854132574014, -0.0931575373166498, 
-0.0956228010669577, -0.0980860408172557, -0.098675303614406, 
-0.0988151284309539, -0.098611560505748, -0.333449230319628, 
-0.328119655893529, -0.329278176666899, -0.210931996266954, -0.211750907541531, 
-0.152027249724395, -0.153703046769901, -0.138660270552297, -0.144053480769935, 
-0.139283425967269, 0.0513999886457976, -0.0509184883316792, 
-0.0518948217371737, -0.0338774909359354, -0.0275907778729265, 
-0.0215510959861608, -0.0170000376798359, -0.0122506847464367, 
-0.00588596492223471, 0.000539450432687583, 0.00548069637643505, 
0.00980306319862017, 0.0145981322564343, 0.020268828444027, 0.0261143007298644, 
0.031182116447377, 0.0360819741503567, 0.0405859016384032, 0.0445556458695125, 
0.0488341534195249, 0.0536701411063092, 0.0585504777865558, 0.0584420196533503, 
0.0596222090467151, 0.0678539361387166, 0.0744293734417216, 0.0780568185293474, 
0.0776056359488511, 0.0746410551933067, 0.0748364467530357, 0.0757941885896289, 
0.0777234061775293, 0.0790032097780035, 0.0792898912578248, 0.0779970913665307, 
0.0766007103554958, 0.0774880471027055, 0.0769868601248454, 0.0803125934127459, 
0.0798478735451396, 0.0751096188904052, 0.0691139082856095, 0.0629777820004926, 
0.0599723975205176, 0.0596140581795881, 0.056535015436563, 0.0501702542105753, 
0.0460793378011444, 0.0419936865233971, 0.037575176357579, 0.0328006798601688, 
0.0279754444287305, 0.0228353244108668, 0.0165272904637785, 0.0106858190113284, 
0.00663801898276708, 0.00349299207079541, -0.00239625025817123, 
-0.00960587986173244, -0.0158179676017564, -0.020577719308615, 
-0.0255968142405263, -0.0320716073961841, -0.00209940366658733, 
-0.0226312868030017, 0.0185583906084028, -0.0592841252552428, 
0.0558397342805265, -0.049273066801179, 0.0468631528013715, -0.0155251484212862, 
-0.00205585491235306, 0.0121150395967221, 7.56335821481104e-05, 
-0.0910741562466738, 0.0902678172276422, 0.0890755119119346, 
0.0889775558246325, 0.0891734107267653, 0.0892109593389703, 0.0884765310492608, 
0.0874294196675649, 0.0878576900937345, 0.0889111955074713, 0.0873387182263588, 
0.084623807933467, 0.0825487967580837, 0.0814786740497543, 0.0793810346609884, 
0.0774128964305184, 0.0753577767243843, 0.073103434710687, 0.0716916216373071, 
0.0691970975584255, 0.0628658801234194, 0.0582370231784771, 0.0589466405797609, 
0.0553410348852528, 0.0488120872508709, 0.0387625996306215, 0.0299635896296592, 
0.0247101770749475, 0.0200814099618789, 0.0171164044741051, 0.0121114432706046, 
0.00482341399739725, -0.00301085939444954, -0.0101928584516372, 
-0.013750255488081, -0.0193363718929107, -0.0219005441235606, 
-0.0284127378155964, -0.0387811251767243, -0.0475597079631155, 
-0.0534986770976004, -0.0573638923658775, -0.0581139941977098, 
-0.0613744202225723, -0.0681528554939013, -0.0713225162085602, 
-0.0721573626886629, -0.0743173063206191, -0.0766805490915205, 
-0.0792716047286987, -0.0815274851981211, -0.0827257596049399, 
-0.0837634945552172, -0.0871297799276342, -0.0898422220292953, 
-0.0896947120973189, -0.0880515729922375, -0.0882806330969288, 
-0.0893539627149777, -0.0898399186844968, -0.0896577407309146, 
-0.089729642503913, -0.365852704419112, -0.352190498953791, -0.35239844446126, 
-0.210346922565297, -0.209617270254095, -0.155174234057722, -0.155055812716895, 
-0.133766244734005, -0.139196465693739, -0.134436517603931, 0.0334890550997844, 
-0.0160692319465266, -0.0165030786430764, -0.0295454984696228, 
-0.0217901240778174, -0.0155339451437076, -0.0111533329575912, 
-0.00592054490010444, -0.00089457129774314, 0.00445074541561345, 
0.00995991345498504, 0.015109893874176, 0.0200570968894151, 0.0253310863906846, 
0.0309120023714953, 0.0360445011598755, 0.0411689696408369, 0.0454044807027053, 
0.0493959216653531, 0.0529332265663606, 0.0551828538792114, 0.0571812104259091, 
0.0591002224829992, 0.0602190473383507, 0.0616135909739333, 0.0634943915369348, 
0.0658619946033998, 0.0677581517492492, 0.0689364992308548, 0.0693958796907333, 
0.0700355436466436, 0.0704971426933983, 0.0711502735673578, 0.0715091660124046, 
0.0707364336212917, 0.0700040187539536, 0.0700052859690942, 0.07025885626258, 
0.0699169998908563, 0.0684972594978903, 0.065278875474445, 0.0624101665463736, 
0.0605945133695119, 0.058886575563542, 0.0572158670210378, 0.0550863633746713, 
0.0526159133821123, 0.0497417483074867, 0.046416788839788, 0.0422270816501741, 
0.0372244101895474, 0.0321394620853728, 0.0269746046039226, 0.0214366997809279, 
0.0164220212154614, 0.0116755029956952, 0.0061582893119076, 0.000706216006950396, 
-0.00400212033706696, -0.00890439318356126, -0.013937622734891, 
-0.0191885538455661, -0.0273446817801388, -0.000935273558127477, 
-0.0158650215858726, 0.0133793807689913, -0.0502197559311338, 
0.0472833370093401, -0.0450556121504384, 0.0406982132797017, 
-0.00970066952651855, -0.00268961449048813, 0.00556823893625908, 
-0.0020628114917152, -0.0900232678190941, 0.0870105439184552, 
0.0937058594626548, 0.0896342931485508, 0.089022211799835, 0.088766649997976, 
0.087600056597318, 0.0861789439812526, 0.0845785991577167, 0.0833288796215059, 
0.0822074586051985, 0.0807253490408311, 0.0788307176543318, 0.0771400177669124, 
0.0759015595365076, 0.0742912059954535, 0.0729574953387256, 0.0709200911936941, 
0.0675903661362068, 0.0634877582562725, 0.0588756076683166, 0.0546374154785583, 
0.0499774033422437, 0.0446382299393254, 0.0390544150697153, 0.0342420303268545, 
0.0295968280987811, 0.0252214397297243, 0.0204001947966197, 0.0149605515442713, 
0.00926691725198359, 0.00346033964680143, -0.00213902851062092, 
-0.00764459690053316, -0.0135441222135175, -0.0192823236130125, 
-0.0245496981369455, -0.028840573870133, -0.0323167924684824, 
-0.0365473826962385, -0.0423153611403673, -0.0479032059671624, 
-0.0526907805717237, -0.0573396074818345, -0.0614575469820195, 
-0.0650915179995618, -0.0680969528994281, -0.0704671596437662, 
-0.0722483716033908, -0.0741280688672118, -0.0761386250259249, 
-0.0780049235360541, -0.0801011912647616, -0.0825483772998021, 
-0.0841061454677065, -0.0856204102895316, -0.087765679834633, 
-0.0894647056720219, -0.0906846144512596, -0.0914313747333459, 
-0.0914902630585011, -0.0946271713440064, -0.350542649460104, 
-0.338440119118585, -0.33920000963158, -0.194079192098679, -0.194967704891461, 
-0.158953893177261, -0.159819362569393, -0.124168155553285, -0.128672351668858, 
-0.125908328928636, 0.0501439116426634, -0.0415762695397801, 
-0.0415706345828028, -0.0323449053768102, -0.0309786242531081, 
-0.0275460053180856, -0.0203008043859599, -0.00967145821499479, 
0.00181775282709735, 0.00415476705268022, 0.00671157431576202, 
0.0127551180140714, 0.0183822118896944, 0.0235868154119868, 0.0285369583452199, 
0.0338300756614741, 0.0369551740083818, 0.0412935020799803, 0.0459373605531978, 
0.0512336837106475, 0.058717331083065, 0.0623705271207022, 0.0592731958220741, 
0.0585554749690655, 0.0620626395910121, 0.0669522131852758, 0.0713460390788089, 
0.0745085547281796, 0.073694098427492, 0.0705691326814806, 0.0697103316017496, 
0.0693421238751581, 0.0676993225923539, 0.0662471572967366, 0.0672581704225821, 
0.0690004317273054, 0.0717979845790073, 0.0740933174825163, 0.0758902244402843, 
0.0739940053844511, 0.0689445589852406, 0.0643568858277577, 0.0604956023275329, 
0.0599448494575235, 0.0589384725659266, 0.0613911601715385, 0.0571185098061915, 
0.048343480483757, 0.0436471592873357, 0.0393654013048297, 0.0355363854932485, 
0.0311251845298358, 0.0256164812650183, 0.020392282965165, 0.0150622077340165, 
0.00934579582137767, 0.00514688794616268, 0.00353225428391365, 
-0.00573482707729156, -0.0169733072080041, -0.0254407336982519, 
-0.0299643900514379, -0.02987101505416, -0.00231651572392042, 
-0.0281024534982327, 0.0227617149018283, -0.0743354347243656, 
0.0739223890528423, -0.0443592845117385, 0.0417557242456874, 
-0.0141788577721645, -0.00125770380897904, 0.0124775800302823, 
0.000781918587803085, -0.097481603527114, 0.0961497356646798, 
0.0948187832812781, 0.094178426758504, 0.0904214772226558, 0.085756245127527, 
0.0824991063345684, 0.0849959021878248, 0.0906378743517875, 0.0904047006103809, 
0.0894268242462689, 0.0880343782545003, 0.0871224545874078, 0.0840793722235993, 
0.0802081158483795, 0.0755433366857128, 0.0719756062601584, 0.0724482185350478, 
0.0752760037727371, 0.0700178140318097, 0.0632756823315066, 0.0539843870178471, 
0.0512423539970735, 0.0461816608023698, 0.0433804822970437, 0.0388475927620182, 
0.0325117447345712, 0.025252730898866, 0.0207800954127704, 0.0158989140061455, 
0.0105958435806112, 0.00431282730455179, -0.00197543602062365, 
-0.00822421023805166, -0.0144426671452278, -0.0181927931373588, 
-0.0232574257398501, -0.0298248979785716, -0.037547314308843, 
-0.0420751651623033, -0.0453995458113126, -0.0493518290706215, 
-0.0535684050466731, -0.0600198024734821, -0.0649349672343961, 
-0.0741216493098961, -0.0745652148887372, -0.074063135787517, 
-0.0756986760500086, -0.0799738427481597, -0.0836689856747239, 
-0.0871794941335191, -0.0885938602803318, -0.0896863379866252, 
-0.0914848118928268, -0.0917854086164649, -0.0881219732631361, 
-0.0840625090888659, -0.0857939329552139, -0.0907160001478294, 
-0.095320029447777, -0.0962758427431832, -0.358866057635214, 
-0.344362590467201, -0.345317956346939, -0.208661199580613, -0.209121372949266, 
-0.149666661537291, -0.149885337369999, -0.127728164655552, -0.132061517942407, 
-0.128810899359052, 0.0579623783170201, -0.0454728396583527, 
-0.044893278699463, -0.0322685871746175, -0.0315991267747361, 
-0.0239028117561537, -0.0141273162003534, -0.00621324227698571, 
-0.00318737364055628, -0.000425957999682806, 0.00293658834540683, 
0.00777954479512632, 0.0120420120324136, 0.0165771533545311, 
0.0238616323135515, 0.0336724018147105, 0.0409587002749789, 0.044131546176463, 
0.0483373265269719, 0.0534834002806534, 0.0508942778077058, 0.0528106368682228, 
0.0563631381475135, 0.0608654518493611, 0.0667554634704802, 0.0732917001425467, 
0.0807215477362708, 0.0814961034033996, 0.0737698208550611, 0.0706552526221584, 
0.0722729000862608, 0.0743670801443007, 0.0751238613849542, 0.0748982072114943, 
0.0749938566423656, 0.0750232510872667, 0.0732486773912925, 0.0726657623840579, 
0.0782296285109572, 0.0821114113315683, 0.077317392440819, 0.0704963088358079, 
0.0643893421893312, 0.0599017327230228, 0.0560974270816574, 0.0544771071741322, 
0.0536780525907857, 0.0520858246638461, 0.0465567696716056, 0.0422367703817997, 
0.0349628504471044, 0.026438786540929, 0.0199972635706551, 0.015383563374207, 
0.0102744955664423, 0.0033878406124943, -0.000204972498235364, 
-0.00120089538385826, -0.00076510532182858, -0.00834715801385709, 
-0.0209331801102773, -0.0301707277008495, -0.0317879101203639, 
-0.00183040454441317, -0.0205859413126578, 0.016770288999178, 
-0.0529574270455832, 0.0512860306308935, -0.0408425471969478, 
0.0415718135266602, -0.0106420379534505, -0.0018118600868828, 
0.00818538909860309, 0.000331788467686319, -0.0935619870734551, 
0.0915011982816838, 0.090826641006128, 0.0904357503714282, 0.0869208667618506, 
0.0849916731504002, 0.0870618736142376, 0.089316864772895, 0.087182973826826, 
0.085480319261607, 0.0813345267412401, 0.0786712636760401, 0.0751438178139886, 
0.0706297764431495, 0.0689056924639264, 0.0708205924046526, 0.0727491513068674, 
0.0742139605364048, 0.0711897411144091, 0.0634101534090934, 0.0579264283859049, 
0.056329022569659, 0.0567182609858331, 0.0545588142050392, 0.0505938024726568, 
0.0418771327174287, 0.0278645784245065, 0.0224179390632343, 0.0202526955116503, 
0.0173591035968244, 0.0109702994116002, 0.00412272344865355, 
-0.0019917807164849, -0.00805930175232272, -0.0147289302037097, 
-0.0202092328977522, -0.0223441402978139, -0.0252867704463747, 
-0.0356210591255889, -0.0469376771719503, -0.052871792302746, 
-0.0562556026500327, -0.0576782627367617, -0.0602852663617609, 
-0.0635318334603624, -0.0687902247405472, -0.0739167534080254, 
-0.0730389304230376, -0.0705522353473423, -0.0698097266776392, 
-0.0717482640019779, -0.0754441278871229, -0.0781872975832342, 
-0.0807020797117799, -0.0851379253407996, -0.0900754355031475, 
-0.0934361380098063, -0.0916928507433199, -0.0850586819351502, 
-0.0846859384694038, -0.0889307552454367, -0.0906817281080185, 
-0.353581060251672, -0.33571637058448, -0.337176362751832, -0.220260253446925, 
-0.221210075895281, -0.166189309467086, -0.16476577062261, -0.1387052071502, 
-0.142360980542887, -0.139986306487726, 0.0497199341470495, -0.0207223513675545, 
-0.0217831834814642, -0.0276616143312494, -0.0242959300860961, 
-0.0165526564073274, -0.0112698534561704, -0.00674822128922567, 
-0.00214174207840241, 0.00228973232585116, 0.00688688860572933, 
0.0179990966581309, 0.0240976899393595, 0.0261420586398925, 0.0316516334307006, 
0.0368673116809703, 0.0431200159348768, 0.0499840661204413, 0.0508592542734553, 
0.0521259290667747, 0.0503855807163825, 0.0566971506994991, 0.0604814853692798, 
0.0647415926478793, 0.0687432957253812, 0.0735861660674593, 0.0737063255982336, 
0.0741545674949197, 0.0696442505967447, 0.0672879540446096, 0.0657765387445779, 
0.0650778090462728, 0.0646091753768207, 0.0642916948006305, 0.064542466647169, 
0.0640064712965997, 0.0658297141409939, 0.0700391869995724, 0.0744499204693543, 
0.0754900126290806, 0.0711873509800841, 0.0672586142930638, 0.0634860371420048, 
0.0594589020791146, 0.0563001404149135, 0.0506774690318927, 0.0421238771564415, 
0.052419305577365, 0.0511397322414317, 0.0447135495446141, 0.0415862487437966, 
0.0382091032561913, 0.0280581988300226, 0.0180158303934572, 0.00985234013796385, 
0.00403287336682344, 0.00329928310673537, 0.00123946470494613, 
-0.00538690576588184, -0.0108201231389004, -0.0148293651533211, 
-0.022115340866996, -0.024064306312266, -0.00300542592821541, 
-0.0238355823356001, 0.0193562578073368, -0.0566789923731131, 
0.0512374779682201, -0.0415028678431261, 0.0347590527748848, 
-0.0100011824515703, -0.00363126749909652, 0.00407815082392437, 
-0.000804918494263471, -0.0921281211817955, 0.0904713508897528, 
0.100095270810868, 0.0942992458958813, 0.091240482925658, 0.0902003581941846, 
0.0889595356809538, 0.0866394904479176, 0.0846473260958527, 0.0804290760641876, 
0.0770733422044644, 0.0814702740469183, 0.0807236378170926, 0.0779149177812611, 
0.075906813026083, 0.0790412421285485, 0.0762547764100986, 0.0688377864904467, 
0.0640976070904817, 0.0615390513950893, 0.0568674111718034, 0.0547660820465149, 
0.0518289133873785, 0.0475892758683813, 0.0418053405749296, 0.035488648872552, 
0.0308628672387149, 0.0263424001314941, 0.0217353420182073, 0.0159267359834018, 
0.00985953338421161, 0.00383288628952676, -0.00248622613972791, 
-0.00825760396690121, -0.0148391671102612, -0.0227295123280302, 
-0.0271451043348012, -0.0292745260612074, -0.0353931641957025, 
-0.0409886435568193, -0.044822520039713, -0.0486201652657147, 
-0.0511646267857887, -0.0531802766797054, -0.0561775583198778, 
-0.0662662151542362, -0.0680136526891081, -0.0748487886115127, 
-0.0800066508622753, -0.0767962624206397, -0.0710796144576188, 
-0.069901717440813, -0.0728659693843547, -0.0772189131319677, 
-0.0845860944712777, -0.0874946886163326, -0.0866868197887214, 
-0.0890445818497902, -0.0922611202473061, -0.0940484260801134, 
-0.0964612514780235, -0.1019297421621, -0.365395307449795, -0.354959895771089, 
-0.356094363969917, -0.201738013588589, -0.202578167636415, -0.145837842171117, 
-0.146623336725931, -0.136357498363126, -0.143505373243586, -0.137205822631107, 
0.0497717753963394, -0.0420132941381992, -0.0418871843555737, 
-0.0305994730782302, -0.023462260109795, -0.0173828733998416, 
-0.0154112455543046, -0.00937720993163641, -0.00365313539976268, 
0.00314586422906511, 0.00653331223130446, 0.0109742314690454, 
0.0168492020578261, 0.022784932555759, 0.0277668862990049, 0.0325607133678744, 
0.0370169770500077, 0.042411956077068, 0.0456746003343757, 0.0501538925668766, 
0.0546552640960622, 0.056519447026854, 0.0587311297407014, 0.06227815319559, 
0.0681061208547579, 0.0737096873126361, 0.0778746349190751, 0.0742644753807721, 
0.0744510619188513, 0.0762922953977956, 0.0760069896857105, 0.075695909048834, 
0.0754549951034082, 0.0752023301329779, 0.0746316472633419, 0.0745624583589717, 
0.0753863780893325, 0.0755378845279195, 0.0776014698314483, 0.0779026681381762, 
0.0733465061120329, 0.068604491031682, 0.0627327761560811, 0.0577685084218521, 
0.0544051137323786, 0.0572155349555536, 0.0517960179494432, 0.0472126679106614, 
0.0431616407209083, 0.0382159840798661, 0.0335462685236462, 0.0286100008673424, 
0.023911127833922, 0.018342991297066, 0.0121707432049848, 0.00660290803754107, 
0.00196744612453724, -0.00228780466253071, -0.00835509941998894, 
-0.0134985819612959, -0.0136541261833826, -0.0197170001566809, 
-0.0285251607153666, -0.00399432382614551, -0.0175793895205834, 
0.0109320506037423, -0.0499257498290472, 0.0465761839752198, 
-0.0470301709823868, 0.0440777831190575, -0.0109547430619526, 
-0.00171538624932555, 0.00893562646221229, 0.000744192795567563, 
-0.0814931526022814, 0.0822335985209288, 0.0824939662498925, 
0.0823743485786206, 0.0855285141679845, 0.0842988852129238, 0.0831990900861118, 
0.0826106129925276, 0.0830437992237959, 0.0822433950451554, 0.0812194327547384, 
0.0799942672467523, 0.0791214788429524, 0.0784556066405445, 0.0766429253160736, 
0.0743669847909478, 0.0726351658060991, 0.0702345930705717, 0.0690594553332972, 
0.0652226546336379, 0.061080998105173, 0.0573672263529676, 0.0554663151650823, 
0.0523244985338188, 0.0462950347285582, 0.036702696948265, 0.0298343314875913, 
0.0268262743229872, 0.0211756150693975, 0.0141371763374232, 0.00899490383513735, 
0.00316503607333337, -0.0030079026557988, -0.00921734356495634, 
-0.0139662903525589, -0.0187655947790518, -0.0241229757262498, 
-0.0290207346446076, -0.0378253364076458, -0.0452218392558286, 
-0.0507771840572086, -0.0544733017169273, -0.0555198318472372, 
-0.0591252542594627, -0.0651032251955666, -0.0698920054665969, 
-0.0696984091833485, -0.0721784551432273, -0.0741408549264806, 
-0.0756726993672971, -0.0771890440534201, -0.0782040446147388, 
-0.0787920260524507, -0.0800503754185387, -0.0815104039490025, 
-0.0824743137002731, -0.0829696704242119, -0.0835209180973021, 
-0.084215150840876, -0.0866380590488575, -0.0824121774668918, 
-0.0812163801407542, -0.334765317624778, -0.323260801504072, 
-0.325213927793449, -0.226071581770878, -0.226121611995158, -0.167029641200392, 
-0.1684760532221, -0.152066803987043, -0.157912638390761, -0.152313586449817, 
0.0526832746554153, -0.0318273475166042, -0.0354745056074251, 
-0.0314182766155298, -0.0276144239639926, -0.0210795139713787, 
-0.0135828326306495, -0.00771581642430885, -0.00333701704932578, 
0.00309144312547463, 0.0103166324205152, 0.0147570264605874, 
0.0171119982724574, 0.0210236710280635, 0.0294519994009411, 0.0345866642633434, 
0.038723409731541, 0.04360356902753, 0.0454740531366973, 0.047707576814918, 
0.0532931756871054, 0.0598418545932624, 0.0628793514862042, 0.0650597604784373, 
0.0674076719721989, 0.0726248727078215, 0.0769306838346798, 0.0766260580335435, 
0.0693629108020729, 0.0694779058183418, 0.0709325043216407, 0.0704264737549587, 
0.0706079074521165, 0.0710278843276679, 0.0705385953143175, 0.0699358980469397, 
0.0707940188297889, 0.0726837688376268, 0.0730538238648041, 0.0787906698261078, 
0.0775742368517585, 0.0713806783016525, 0.0663082632690934, 0.0635600867394477, 
0.0614097273436448, 0.0575937317110182, 0.0530455604939728, 0.0488352829176171, 
0.0458349204431106, 0.0420886820422277, 0.0369239196776021, 0.0327550735567021, 
0.0278172010434451, 0.020378210752235, 0.0144259457864887, 0.0105413199155307, 
0.0066779959710486, 0.00106281102712867, -0.00404882437210981, 
-0.00954648142100398, -0.016255073775238, -0.0232437357555133, 
-0.030664943129317, 0.000244391825251572, -0.0257935623849979, 
0.0250901152296833, -0.0541318548521969, 0.0557024890673618, 
-0.0425354164037324, 0.0433400183799009, -0.0118243655087864, 
-0.00184258097984136, 0.0103775115128413, -0.000712233254730253, 
-0.088169314144798, 0.0865485559387233, 0.0882982032072978, 0.0885401081367616, 
0.0864215373996043, 0.0858676413851262, 0.0855557174333131, 0.0844701608718703, 
0.0830966128088853, 0.0835162491998917, 0.0854779365286689, 0.0846081530281637, 
0.0802619474530744, 0.076834944984382, 0.076813739462102, 0.0750203392101922, 
0.0732816923563292, 0.0709709193383439, 0.0678057775183719, 0.0633346039350555, 
0.0626530292397294, 0.0568775733647518, 0.0520348180495758, 0.0509881143671009, 
0.0466609018617208, 0.0400510995134914, 0.0312745456032982, 0.0258078832167261, 
0.0231885393330724, 0.0165158314379543, 0.00986554852912374, 
0.00433668442341347, -0.00187207549967911, -0.00810569252840762, 
-0.014339536375624, -0.0207401272051206, -0.0264582555132323, 
-0.0295246547342989, -0.0335878521272312, -0.0438362943724452, 
-0.0503977176652697, -0.0531621421984417, -0.0545357706521708, 
-0.0590908926580688, -0.0663442388272018, -0.069231169290336, 
-0.0713741885071078, -0.0725020302628343, -0.0761415620915367, 
-0.0783275002926271, -0.07966606981769, -0.0806161860410949, 
-0.0814731433028775, -0.0844967900194907, -0.0863891638411152, 
-0.086460658594666, -0.0866427100117659, -0.087350076323901, 
-0.0879398374705437, -0.0880985309280055, -0.0893255061069006, 
-0.0886942343623866, -0.34436996399016, -0.335019762001872, -0.336922177074389, 
-0.20781932253988, -0.209768986951818, -0.154325858642911, -0.155971346549878, 
-0.141992796825558, -0.148774721155717, -0.144162003408478, 0.0327149631254874, 
-0.0193745305771594, -0.0181953021989887, -0.0257914973324308, 
-0.0203265764845397, -0.0149215653722633, -0.00936661815728699, 
-0.00346324024463629, 0.0025466959929862, 0.00735538708333269, 
0.00959326191368825, 0.0144474218486443, 0.0210642893814836, 
0.0275144674720788, 0.0324860746260735, 0.0384617988965672, 0.0548615165143272, 
0.0483428563787116, 0.0498753547006286, 0.0449645738856335, 0.0537077746090248, 
0.0572731368910869, 0.0602289203511765, 0.0636219968450427, 0.0670013442539003, 
0.0704629865713449, 0.0697806577659731, 0.062419406432265, 0.0601509112436888, 
0.060198753866102, 0.0589592533042301, 0.0566588287524074, 0.056519732588196, 
0.0567631874969636, 0.0576194793072477, 0.0625975257540219, 0.0610087456901028, 
0.0599103439125731, 0.0677751244328614, 0.0709974048358227, 0.070620613276809, 
0.0670650790539326, 0.0640769181888353, 0.060561633327923, 0.0573883085389912, 
0.0532810776355949, 0.0480368012540712, 0.0531006331761954, 0.05689817555885, 
0.0473700127571495, 0.0388536014739607, 0.0349862990127964, 0.0296337682090255, 
0.0214777646555368, 0.0136631532523882, 0.0108007692930971, 0.00903412096483048, 
0.00320979884501608, -0.00234104854526269, -0.00782692199987386, 
-0.0135289390813432, -0.0195921187650811, -0.0240874072991489, 
-0.0042526093125182, -0.0233934847894207, 0.0153916955006411, 
-0.0640546661438898, 0.0592342228326318, -0.0505240283540457, 
0.0503193221640884, -0.0151300822847311, -0.00187197577327135, 
0.0129164511022627, 0.000871058928946948, -0.0974507053973066, 
0.0987501505524018, 0.100909734296052, 0.0993196241937613, 0.0974616776091898, 
0.0970894936377258, 0.0973047596921464, 0.0952684698174832, 0.0919340995373115, 
0.0877204291865275, 0.0832596449288021, 0.0809026586747753, 0.079786988023808, 
0.0812550300274722, 0.0871578422313765, 0.078559214282898, 0.0719732432837503, 
0.0698908606006011, 0.0632066725819707, 0.0591679798610546, 0.0578453619363496, 
0.0542254587500751, 0.0503033852107519, 0.0459402380995501, 0.0411003193180971, 
0.0386052734178667, 0.038004765827308, 0.0270044860343364, 0.0224389670686946, 
0.0193771458665416, 0.0116651589004151, 0.00325276751374764, 
-0.00349294265786693, -0.0127065715347869, -0.021439048031321, 
-0.0177544708820752, -0.0284253019030641, -0.037298548326568, 
-0.0361552590032617, -0.0399916268980642, -0.0443590450201599, 
-0.0490885515926411, -0.0528702395391378, -0.056074277417178, 
-0.0585715470060499, -0.063867995757848, -0.0678469316142827, 
-0.073152071671455, -0.0846292121382851, -0.0802617804784504, 
-0.0787655400782498, -0.077866000227983, -0.0780721047587601, 
-0.0832415105222659, -0.0893112444452963, -0.0933026537363833, 
-0.094226864108876, -0.0947610073677276, -0.0964761600452922, 
-0.097104743742653, -0.0989333376609554, -0.10269051126929, -0.356500558347189, 
-0.347994363832954, -0.349940378631232, -0.205735212079951, -0.207150659063992, 
-0.158457204533284, -0.159821748443302, -0.126500764266856, -0.129313713185622, 
-0.127419162543647, 0.0395923179551446, -0.0111830766034674, 
-0.0103332379712918, -0.0262923010566952, -0.0205283212135361, 
-0.0146135819299177, -0.00957163653101278, -0.00103549837823803, 
0.00620771477153105, 0.00922853402801274, 0.0097405429245238, 
0.0086031652693822, 0.0139592083594661, 0.026835513691204, 0.0348318927986093, 
0.0385631774425837, 0.0434605790796795, 0.0480163654559193, 0.0491495389388412, 
0.0500199758979332, 0.0509137063285882, 0.0531037017234907, 0.0548671532908447, 
0.0596284888500391, 0.0616712489829052, 0.0647427064096886, 0.0664030441336385, 
0.0657670619423234, 0.0646044815079834, 0.063665004985367, 0.0625343943532548, 
0.0616321012248177, 0.0618848324771358, 0.0613020027751041, 0.0607709054456703, 
0.0645988769898858, 0.0648747427379944, 0.0662786913259384, 0.0689645068102744, 
0.0660235703267766, 0.0639914226283483, 0.0628647220045316, 0.0623611368398212, 
0.0578135190785851, 0.0518257917832358, 0.0513015528819329, 0.0499119412808598, 
0.0530726679216736, 0.0491501125725536, 0.0445110433317838, 0.0408112100926872, 
0.0344278244082788, 0.0252368065314603, 0.0169622669653661, 0.0138109638844143, 
0.0124785567384241, 0.00858660548262179, 0.00552151480650899, 
-3.710417901495e-05, -0.0080101447298236, -0.0134911950580668, 
-0.0181757747911961, -0.0249737710973495, -0.00563910956931589, 
-0.0268341379163664, 0.0157939216574501, -0.0698430383460123, 
0.0692475301985109, -0.0384170094831305, 0.0377753918890964, 
-0.0162589576169528, 0.000289045962015682, 0.0178881700719208, 
0.00164094373097946, -0.0979191689556303, 0.0975377217485905, 
0.100500892122668, 0.102096099223264, 0.100688544838984, 0.100893429175114, 
0.101477877052915, 0.0969645281997766, 0.0923031837346542, 0.0887364678229096, 
0.0838114985851667, 0.074274344857812, 0.0694075748247139, 0.0727698822602391, 
0.0744150595109445, 0.0770739869992661, 0.0754757840334241, 0.0696720647488487, 
0.0635368139233522, 0.0587715494532026, 0.0554355602813017, 0.0505600420855524, 
0.0462312586715515, 0.0420202221095294, 0.0382067001877413, 0.0351738895568909, 
0.0314572613054322, 0.0291505061513467, 0.0234816871215697, 0.0166741656530416, 
0.0113551075694375, 0.00470663481417066, -0.00291531278320951, 
-0.0110951050404485, -0.0183192389804509, -0.0216810917013277, 
-0.0262784199988548, -0.0302269741789745, -0.0324514669617493, 
-0.0376995206267628, -0.0431007008508465, -0.046109887844095, 
-0.0475917961096105, -0.0539095395323874, -0.0586513663426139, 
-0.0648803071077524, -0.0711021028176412, -0.0764360399976291, 
-0.0744107608757773, -0.0721546886554592, -0.0706653745446551, 
-0.0722827936948055, -0.077929692125471, -0.0823738282933889, 
-0.0898880843220122, -0.093193837359252, -0.096331377990279, 
-0.0990648678568761, -0.0993173694974891, -0.0997090996324612, 
-0.100631406484942, -0.102181868038754, -0.382490113082019, -0.372174958568237, 
-0.373485187265982, -0.193198865966402, -0.19455304264152, -0.144576846855406, 
-0.144276593680901, -0.123910150791411, -0.129282258382225, -0.125170228486809, 
0.0333421134379024, 0.00733685770541664, 0.00647564644096311, 
-0.024532141497492, -0.0199104701161095, -0.0134853838338455, 
-0.00709938191483636, 0.000300133956587373, 0.00895254972492751, 
0.0119611418873731, 0.0154714398220484, 0.0176729411808545, 0.0175584875925854, 
0.0257561250737609, 0.037223429077738, 0.0410562967705193, 0.0403518530770329, 
0.0440786261818947, 0.0451755080340642, 0.0460246273784735, 0.048393928078234, 
0.0499176294575684, 0.049025999400559, 0.0499311421754459, 0.0561410089237648, 
0.0574778786026764, 0.0600040913481063, 0.0624826361293911, 0.060670941993877, 
0.0606685386590362, 0.0618726170174073, 0.0634028114958923, 0.0654961735061558, 
0.0653417008776227, 0.0646386590832974, 0.0641345154108821, 0.0630164821132434, 
0.0624569449107245, 0.0629399359899729, 0.06539034525662, 0.0633827395033858, 
0.0602204699009578, 0.0560117250633284, 0.0523178994669588, 0.0488601780715388, 
0.0490882718128039, 0.0486834643022889, 0.0476733506641705, 0.0483482195102953, 
0.0422806723257535, 0.0378630154437203, 0.0360762034026282, 0.034697914847865, 
0.0222377851651461, 0.0184394236392699, 0.0156089031817181, 0.0140967093744631, 
0.0119727419939499, 0.00453671240854422, -0.00442085874412227, 
-0.0119856786885453, -0.0171480426153723, -0.0228379547201707, 
-0.00102636490729178, -0.0143343511761855, 0.011055962239027, 
-0.0471113092436273, 0.0458480800954488, -0.0354529082973448, 
0.0322886779055821, -0.0106632117750558, -0.00120898461623012, 
0.00882017033152659, -0.00113573985861199, -0.0898556808467873, 
0.0889607911707324, 0.0981645359132182, 0.101295732986648, 0.102317803506595, 
0.101595572648564, 0.100434670179883, 0.09735808498256, 0.0934705788884816, 
0.0903257029169502, 0.0864523649736428, 0.0805518832058124, 0.069938035661635, 
0.0696350467980747, 0.0759231762207652, 0.0747392767803168, 0.0717708924675427, 
0.06874683050741, 0.0630116323615606, 0.0568987574760176, 0.0551380687370483, 
0.0495617842764074, 0.0424315959615249, 0.0353538311876137, 0.0335951949223408, 
0.0298580403242435, 0.0263498062145244, 0.0239254025503266, 0.0179754879513705, 
0.0124068192893717, 0.00688730050569439, 0.00202891349319394, 
-0.00147141384253554, -0.00775962384909969, -0.0122612885428164, 
-0.0171615166060951, -0.0224790010668094, -0.0281959636632643, 
-0.0326411470502303, -0.0333400947903452, -0.0358553454256499, 
-0.0402624890383269, -0.0452637866023749, -0.051777932548351, 
-0.0584923301700257, -0.0605502039021051, -0.0674895871757108, 
-0.0707325076619964, -0.0710161496125118, -0.0759194278155393, 
-0.0783518905537042, -0.0711086730701034, -0.0760549768430497, 
-0.084821116372557, -0.0888469837365815, -0.0926873862827207, 
-0.0975873828116966, -0.101575702803812, -0.102445673157834, 
-0.101206198975993, -0.100263379050581, -0.0967087818881006, 
-0.35294249054594, -0.337403989619841, -0.337765123895308, -0.212900000889765, 
-0.214780633188607, -0.153415975711059, -0.155065779620498, -0.131369951159819, 
-0.135220328035844, -0.132416732976211, 0.0377769651160216, -0.0171705956775917, 
-0.0206832616497138, -0.0286810558121556, -0.0218481975999299, 
-0.0162714295840466, -0.0103950339593043, -0.0052014488018785, 
-0.00171110422993596, 0.00401254015331985, 0.00978729594054203, 
0.0134119726234243, 0.0172981880273074, 0.0254571011200475, 0.0326306768864639, 
0.0359642749208202, 0.0466205991769279, 0.0473132974247245, 0.0453547205419424, 
0.0450614726254792, 0.0523888809879557, 0.0546743836187387, 0.057977752038954, 
0.0609673864339834, 0.0641303402886728, 0.0670548593614391, 0.0685728910730458, 
0.0661173784953147, 0.0629087369903365, 0.0628758732399635, 0.0630651209246961, 
0.0633990126572826, 0.0635961429171491, 0.0636537394390565, 0.0637058047622334, 
0.0637585078379124, 0.063903443893405, 0.0655638781724793, 0.0711758963286961, 
0.070356505527906, 0.0692322897191863, 0.0663153137231596, 0.0634144213490753, 
0.0601610253464519, 0.0568605285668199, 0.054559557094761, 0.0500213002847433, 
0.0414267972953492, 0.0483754891168774, 0.0487993248063354, 0.0419026118101026, 
0.033461244799356, 0.0286425124288191, 0.022117566226459, 0.017140868516289, 
0.0118816383591297, 0.00645411849486075, 0.00241983854628084, 
-0.00182820306396921, -0.00761633948613725, -0.0135518302285604, 
-0.0189421007091904, -0.0265404795849914, -0.00128273530922395, 
-0.0198524994626298, 0.0198833468138754, -0.0562953809770619, 
0.0553814405700975, -0.0429904626156744, 0.0431556235065546, 
-0.0113168083410532, -0.00264342977661706, 0.00811942796864529, 
0.00182225624718382, -0.0980461592238658, 0.0977631812422496, 
0.100355656424928, 0.0990740194293566, 0.0990935908061055, 0.0978059727658754, 
0.0950587139708974, 0.0911226845275446, 0.0879065208527399, 0.0873270897996055, 
0.0856037408026733, 0.0805488340698805, 0.0775092659119202, 0.0792147698789892, 
0.0845607123044411, 0.0801384575732948, 0.0731933067906278, 0.0713894897424973, 
0.0622050235183159, 0.0601031677940235, 0.0574100208853677, 0.0538443880778243, 
0.0496943200311052, 0.0452221591633599, 0.0406258106761832, 0.0363098101144531, 
0.0344838940376574, 0.0279273183358336, 0.0208162030204365, 0.0150485285764921, 
0.0093328840691811, 0.00368047821207593, -0.00206686200831838, 
-0.00787386568434801, -0.0136852909274761, -0.0199290936556607, 
-0.0288567709126225, -0.0301347600759197, -0.0340656396280148, 
-0.0392514339752892, -0.0439456474884567, -0.0487014571903563, 
-0.0527673682261517, -0.0564245121063884, -0.0592587547717809, 
-0.0606408757821624, -0.0680768088381035, -0.0722733988248637, 
-0.0774046514107126, -0.0869931903028093, -0.0824105356124636, 
-0.0799580065311619, -0.0829114235896713, -0.0854722754568489, 
-0.0874686159906412, -0.0901490035641778, -0.0938732005607481, 
-0.0971857759745632, -0.0994284271115003, -0.0998311857109375, 
-0.0992292231444683, -0.10003657774955, -0.369557549565667, -0.363545653455425, 
-0.365044032539453, -0.210133757375508, -0.211052825942047, -0.164793414474315, 
-0.165589106117353, -0.130997081954264, -0.137487075137572, -0.132217991828747, 
0.0399241366500082, -0.00546328359067676, -0.00736146503681934, 
-0.0318587438535663, -0.0183827116467168, -0.0143825549100406, 
-0.00803915172398554, -0.00392035283260787, -0.000883956973139503, 
0.00640608985699876, 0.0128858309287933, 0.0154942484306295, 
0.0165483228897131, 0.0191015788663683, 0.0321498384607887, 0.0409609169708403, 
0.0436449696185114, 0.0459588583604826, 0.0503882253886739, 0.0503888077258272, 
0.0504529028026059, 0.0544231096307194, 0.0564360167060849, 0.0613598864274357, 
0.0650643362171946, 0.0653522888442942, 0.0666567267393637, 0.068443689071339, 
0.0696281847757234, 0.0702097352143588, 0.0697254213649711, 0.0703506977825416, 
0.0703164335476475, 0.0697968713537063, 0.0696118771724099, 0.0697891640920789, 
0.0693033362598137, 0.0684642492372829, 0.0690608976688082, 0.0676396560901505, 
0.0658451856803559, 0.0633988517877444, 0.0604654836055225, 0.0571390467584243, 
0.0567622114366551, 0.0581173711260133, 0.0532315544533694, 0.0498464815821084, 
0.0486823074006277, 0.0488339623942941, 0.0408372916709352, 0.0312255860240044, 
0.0237446043997268, 0.0181867277736888, 0.0130295333848512, 0.0110561284836232, 
0.00830192707633258, 0.0047135443569103, 0.000360450376905948, 
-0.00940007141758488, -0.0133553757938116, -0.0165155209302374, 
-0.0297338778187213, -0.00136110858650913, -0.0114908179864772, 
0.0085905182298581, -0.0334442583396749, 0.0307734569928194, 
-0.0378382596710792, 0.0368265016622415, -0.0106318767857264, 
-0.00166418306874749, 0.00781346017369328, 0.000567836932148175, 
-0.0833422196933304, 0.0828294488792223, 0.0894734068259438, 
0.088957369848903, 0.0879345372656851, 0.0874894773947714, 0.0880682102552499, 
0.0858144020719854, 0.0824594106276287, 0.0830441316657273, 0.0834525636152682, 
0.081454522742579, 0.0747282450554541, 0.0662771605821271, 0.0706771643946164, 
0.0734333783444626, 0.0688194739232558, 0.0678756105698488, 0.0660810224550542, 
0.0595629756042183, 0.0556562176762398, 0.0503073954518916, 0.0460811305700453, 
0.0439427639287878, 0.0395438710731035, 0.0334826557691302, 0.0290814296213975, 
0.0250484922833099, 0.0201395857505342, 0.0152767855641988, 0.00926076142655835, 
0.0039337971392213, -0.00182955329126256, -0.00786204321323816, 
-0.0133129669832513, -0.0183894034787753, -0.0240699997952726, 
-0.0288850866086299, -0.0320894922383955, -0.0365250544117583, 
-0.0406799448179733, -0.0454548883021715, -0.0512395043054036, 
-0.0580004363945549, -0.0595140376577429, -0.0625756385922458, 
-0.067524394077411, -0.0720371329052892, -0.0712012094378152, 
-0.066377588755787, -0.0666355396911808, -0.0723241079762061, 
-0.0757459813036395, -0.0808744469694116, -0.084837428288934, 
-0.0869378799674979, -0.0878647994101041, -0.0852291335811936, 
-0.087474648033663, -0.0943987972454751, -0.0924665051724244, 
-0.0926288053289276, -0.370171742030973, -0.363125002755515, 
-0.363668364759826, -0.202782320988898, -0.20237683902075, -0.157536585531544, 
-0.158518669417282, -0.128512229752175, -0.135586534654576, -0.130375189085083, 
0.0369763332639111, -0.0128806814150331, -0.0137782724753975, 
-0.0325461278377153, -0.0203347754770221, -0.0171720728247711, 
-0.0104701052953213, -0.00639580365630637, -0.00193162461033285, 
0.00357743087333257, 0.010827092003209, 0.0156038346360745, 0.0170807704772543, 
0.0191378013650415, 0.0267249378847445, 0.0355281061422964, 0.0439107751876657, 
0.0484778953863052, 0.0503701112470491, 0.0548679777742926, 0.0563274657556378, 
0.0540694133557175, 0.0545815781231844, 0.0590900839478776, 0.0623654120982026, 
0.0650817082787903, 0.0674199268579209, 0.0688973941457787, 0.0690052110405938, 
0.0687476314202472, 0.0681099934897238, 0.0688090256240086, 0.0696288287624445, 
0.0702589971029609, 0.0698980904242314, 0.0691265355287608, 0.0691068561218784, 
0.068782169708336, 0.0688049534072282, 0.0690517803516011, 0.0675801987849871, 
0.0653291023662989, 0.0624494373647085, 0.0588724442499036, 0.0571601916204718, 
0.0572050988448381, 0.0545664156823734, 0.051202719189862, 0.0498773886596443, 
0.045702719068247, 0.0378882912840418, 0.0292263021343408, 0.0223644193907671, 
0.0195833228250262, 0.0170002249497936, 0.0116357121508442, 0.0074628438525646, 
0.00181947464488175, -0.00475487572517315, -0.00720333863559901, 
-0.0124669867729863, -0.0184860094196269, -0.026098276707988, 
-0.000316580145698348, -0.0123007335590176, 0.0121954155027253, 
-0.045558584451221, 0.0440676444518801, -0.0403291899346471, 
0.0389178922138186, -0.0116093619823061, -0.0017525185774639, 
0.00838393671470716, -0.000103237075674647, -0.0892132749486263, 
0.0867592001349979, 0.0939827859778736, 0.090918235670614, 0.0901819288143214, 
0.0888671198716248, 0.0882246249862305, 0.0863561888944709, 0.083795348392355, 
0.0818120398078051, 0.0825572873117087, 0.0837728449506637, 0.0768104497894008, 
0.0696500984146804, 0.0665273095865882, 0.0671382064721399, 0.0686462902252016, 
0.0695399472903955, 0.0686287190976725, 0.0627111718035029, 0.0591677000793932, 
0.0521623219706756, 0.0467574805868231, 0.0429379736933808, 0.0386646202672701, 
0.0344273405814124, 0.030230441664244, 0.0258212841076891, 0.0212098070891537, 
0.0155202317019574, 0.0093222719350375, 0.00350117512198664, 
-0.00215924633544839, -0.0075529939729428, -0.0133642831662957, 
-0.0188172740089082, -0.024185466710419, -0.0294051487064008, 
-0.0337191532358178, -0.0377277705826811, -0.0422417434824489, 
-0.0469634951146279, -0.0518509589964424, -0.0577680429343155, 
-0.061160806137246, -0.0661483755057609, -0.0682398059118733, 
-0.068213953701042, -0.0675297626709022, -0.0675623751808545, 
-0.0704065735300537, -0.0767224268114768, -0.0817625010950803, 
-0.0828691748050477, -0.0844928511512857, -0.0857695210631113, 
-0.0868775549414663, -0.0903111579192302, -0.0912551586457832, 
-0.0907074713161187, -0.0912065435567765, -0.0919922633098889, 
-0.359650184747021, -0.350422793519971, -0.351958728206022, -0.206846665221116, 
-0.207350672809387, -0.141528341480496, -0.14275860484888, -0.13492870277971, 
-0.14423252542275, -0.136866052329449, 0.049716798716383, -0.041780980644232, 
-0.0433695865893594, -0.032521516055389, -0.0304389395099869, 
-0.0232616294042522, -0.0164702284268375, -0.0109818833743632, 
-0.00526658533038103, 0.00126328130454398, 0.00832664170803458, 
0.0137463932250751, 0.0160939876595259, 0.0210184573711872, 0.0272957826369274, 
0.0321447118312256, 0.0363056457661395, 0.039954633004852, 0.0437454415738119, 
0.0484661957756594, 0.0529433653402802, 0.0603223479266179, 0.0620833200304306, 
0.06229134327608, 0.0667226336068767, 0.0711060082115505, 0.076191574895772, 
0.0776930933474991, 0.0770461833239697, 0.0760517890114718, 0.0769624951201582, 
0.0782599005571623, 0.0788265642774615, 0.0788206717607617, 0.0783987965882644, 
0.0791050883037485, 0.078679243244265, 0.0776260295932401, 0.079098540000831, 
0.0774422567686916, 0.0726605482274359, 0.067136129421917, 0.061961378787467, 
0.0615536030910869, 0.0631279807366196, 0.0547234263253884, 0.0510197116478486, 
0.0455526750052172, 0.0408164617026102, 0.0372489865801149, 0.0330730968853934, 
0.0283890649900704, 0.0231660221505734, 0.0186788667540522, 0.0153173194009187, 
0.0100415148121406, 0.00357409197495363, -0.0030586591868115, 
-0.00959322804697013, -0.0158371246360686, -0.0233870953783605, 
-0.0307595494495659, -0.0285198168549282, -0.00190188152697532, 
-0.0221151522171258, 0.0168970386825908, -0.0605175693143807, 
0.0571167741584593, -0.0473018125470616, 0.0449523924821259, 
-0.0151560890226352, -0.00151300344757477, 0.0118072733892038, 
2.34071879557599e-05, -0.0873728781360269, 0.0868532037754462, 
0.0866169827553302, 0.0852832548831998, 0.0832895376152964, 0.0824393660114684, 
0.0815808717743082, 0.080684643420347, 0.0798808891380441, 0.0799965013254486, 
0.0825969425828142, 0.0811471221284104, 0.0786365012008614, 0.0770734301767399, 
0.0759145055951085, 0.0739422515555942, 0.0714996260480979, 0.0677468443292808, 
0.0661645876380864, 0.067458952542493, 0.0637705998499827, 0.0563628147049848, 
0.0538553500305125, 0.0505058056441391, 0.0458877262997156, 0.0399554315176627, 
0.0316374815574635, 0.025197973218501, 0.0207919639905359, 0.0165762443574795, 
0.0102840879541648, 0.00375796894822555, -0.00264941777909935, 
-0.00820599525436638, -0.0143397456060986, -0.0210866704480974, 
-0.0245572460958942, -0.0304700907106662, -0.0388753060904991, 
-0.0456697488453181, -0.0496920499607382, -0.0519760665893666, 
-0.0545684765258106, -0.063272216303498, -0.0673486683683789, 
-0.065882808284325, -0.0665039768707136, -0.0703950547022358, 
-0.0730068895953818, -0.0750821078527477, -0.0767453544304569, 
-0.0782669987550846, -0.0796471961513001, -0.0799282333404885, 
-0.0793555145794591, -0.0793616510298142, -0.079977336031161, 
-0.0809005446596226, -0.0822299460707095, -0.084081173830375, 
-0.0870140854964579, -0.0912173920001332), .Dim = c(73L, 2L, 
29L)), ID = 1:29, Binom = structure(c(6L, 13L, 7L, 8L, 9L, 11L, 
1L, 3L, 2L, 4L, 10L, 5L, 21L, 22L, 25L, 18L, 26L, 12L, 27L, 23L, 
20L, 14L, 17L, 28L, 29L, 24L, 16L, 15L, 19L), .Label = c("Amblysomus_corriae", 
"Amblysomus_hottentotus", "Calcochloris_leucorhinus", "Calcochloris_obtusirostris", 
"Carpitalpa_arendsi", "Chlorotalpa_duthieae", "Chrysochloris_asiatica", 
"Chrysochloris_stuhlmanni", "Chrysospalax_trevelyani", "Chrysospalax_villosus", 
"Cryptochloris_wintoni", "Echinops_telfairi", "Eremitalpa_granti", 
"Geogale_aurita", "Hemicentetes_nigriceps", "Hemicentetes_semispinosus", 
"Limnogale_mergulus", "Microgale_brevicaudata", "Microgale_dobsoni", 
"Microgale_dryas", "Microgale_longicaudata", "Microgale_parvula", 
"Micropotamogale_lamottei", "Micropotamogale_ruwenzorii", "Oryzorictes_hova", 
"Oryzorictes_tetradactylus", "Potamogale_velox", "Setifer_setosus", 
"Tenrec_ecaudatus"), class = "factor")), .Names = c("meanshape", 
"ID", "Binom"))
