structure(list(meanshape = structure(c(0.315636756994464, 0.301752814006977, 
0.300763969521826, 0.188946860680787, 0.180700332235609, 0.143731575009182, 
0.139274619085357, 0.136027689237608, 0.137669318050439, 0.136111854836335, 
0.0129511304130844, 0.039273555063043, 0.0295621468453901, 0.0158195974310795, 
0.0152601947189424, 0.0123171870719937, 0.00382610840414096, 
-0.00309259429960441, -0.00764377598141967, -0.0123418720654366, 
-0.0175570916517058, -0.0221230813260718, -0.0269296531719063, 
-0.0328243301375726, -0.0368500349745474, -0.038436073343261, 
-0.0412350795285741, -0.0435371805683767, -0.0450520833409398, 
-0.0467031626147251, -0.0483944087614783, -0.049742608029252, 
-0.0515599099754738, -0.0540504800420404, -0.0563425901799313, 
-0.0585812628920301, -0.0605976855599712, -0.0621560536377322, 
-0.0636875284163353, -0.0651655975463495, -0.0668200576165724, 
-0.0675608385395965, -0.0680756754303191, -0.0678907217345411, 
-0.0666483600049957, -0.0653497401858552, -0.0639027395076694, 
-0.0620992285142701, -0.0603581818495749, -0.0584737034477244, 
-0.0561810406377922, -0.0538201297363836, -0.0516398301683287, 
-0.0496166948470136, -0.0481647598810092, -0.0463818844128445, 
-0.0439561625826648, -0.0414996368778506, -0.0392975853333951, 
-0.0368497997279237, -0.0332929258340332, -0.0296835762600428, 
-0.0260376961840717, -0.0212045736368144, -0.015411705931016, 
-0.00993719162636621, -0.00462243539271423, 0.000844108018641119, 
0.00622031996375809, 0.0118739595570121, 0.0178810219577948, 
0.0238950713468377, 0.0290408234958175, -0.018309476322212, -0.00159989295349226, 
-0.0347802294674399, 0.0552953014713594, -0.0813229310363861, 
0.0327087187576534, -0.0537578677154768, 0.00312887703467888, 
-0.00951544226772968, -0.0235231849382638, -0.0058024876017346, 
0.130892123366282, -0.133118638482808, -0.122431326489262, -0.118880291815494, 
-0.120785268502004, -0.118217869913591, -0.114139864040676, -0.111041674793218, 
-0.108326193233232, -0.104872746358172, -0.101380314548256, -0.0980489920127283, 
-0.0933071358436083, -0.0872387741442801, -0.0828953998496507, 
-0.0792402525231329, -0.0748767916316337, -0.0706276330744497, 
-0.0663577089455332, -0.0621318813933846, -0.0574132432698582, 
-0.0521186825724187, -0.0473061792816459, -0.042376971420527, 
-0.0373042743460735, -0.0322977332377627, -0.0271532282257984, 
-0.0223462822714599, -0.0178099924625254, -0.0125550803409628, 
-0.00662086930404592, -0.000488693594360771, 0.00586693912329384, 
0.0118900812451136, 0.0176825973780867, 0.0231993476383711, 0.0281780923238787, 
0.03254359012277, 0.0371934196956793, 0.0423672963868462, 0.0475959294583705, 
0.052830577086268, 0.0577904635607428, 0.0627625627794695, 0.0676398079670164, 
0.0721266105914569, 0.0760888986376799, 0.0799157578180554, 0.0842131612095384, 
0.0886021364004824, 0.0923887713217867, 0.0965215983597197, 0.101237603021321, 
0.105438410812488, 0.108773739055297, 0.111910669083256, 0.114700573817894, 
0.117206525420646, 0.119896423021619, 0.122425158729912, 0.124746719843906, 
0.126563017684349, 0.290797462743568, 0.275128937755268, 0.274612123511313, 
0.182244581346951, 0.174294240527674, 0.131549020691355, 0.128155336909581, 
0.12821076202559, 0.131320837519618, 0.128210568510232, 0.014165223143806, 
0.0616804249753229, 0.0475463861916961, 0.012632920059545, 0.0161733597143088, 
0.0156570959958193, 0.0168263327910207, 0.00486951613950181, 
-0.00207410495554179, -0.0107648388456295, -0.0180399237869122, 
-0.0226855653914093, -0.0267018088828614, -0.031564150673389, 
-0.0367796809304433, -0.0396414396667299, -0.0408714426726969, 
-0.0427398791204621, -0.0452024747385294, -0.0474638160148267, 
-0.0494638864002229, -0.0516264590405534, -0.0534668386007408, 
-0.0543802613689419, -0.0554566218887842, -0.0576680733391061, 
-0.0603378007541467, -0.0623599150341408, -0.0641242447072857, 
-0.0647974661606449, -0.0655599882867167, -0.066269633779235, 
-0.0664796370353947, -0.0662617911882661, -0.0660821583160335, 
-0.0650080246515232, -0.0633703175577957, -0.0616029869154235, 
-0.0597580118530062, -0.0574260250950807, -0.0548865983970976, 
-0.0531655371019741, -0.0516928983251216, -0.0496951247420443, 
-0.0478689966546007, -0.0456424102396428, -0.0427058263503404, 
-0.0401014091342255, -0.0383007702818144, -0.036360117989978, 
-0.0330570568738096, -0.0290306837033069, -0.0260386233209986, 
-0.0208228623841266, -0.0126100915672314, -0.00572464817768017, 
-0.000341029441601851, 0.00503501137996996, 0.0127296654757989, 
0.0217093764515647, 0.0331694996183815, 0.029956355129303, 0.0273989137308796, 
-0.0158506438003401, 0.00502234321478978, -0.0362589692234333, 
0.0619935609155242, -0.0847433346610122, 0.0395334340575157, 
-0.0571344717960547, 0.00840930625859161, -0.00596220692531484, 
-0.0219364200485878, -0.00328501304916465, 0.155631819728577, 
-0.16158002929946, -0.140442674654994, -0.117544772116289, -0.124247912992756, 
-0.126240255256395, -0.123018340583922, -0.12446229045358, -0.120612188142619, 
-0.114993711635654, -0.11026403340217, -0.106164601768379, -0.101751597581226, 
-0.0957617022074301, -0.0892981821082304, -0.0847814007557564, 
-0.0808590216876082, -0.076623126611856, -0.0721561085251547, 
-0.0676491237073123, -0.0628248670237615, -0.0574218406441432, 
-0.0521388587970044, -0.0465617061463252, -0.0404421763224924, 
-0.035011311691281, -0.029753241863915, -0.0246397630983636, 
-0.0192847417290536, -0.0134684733840538, -0.00727229552212541, 
-0.000787655411001246, 0.0055679452182921, 0.0120558954689372, 
0.0186382216154572, 0.024522834475216, 0.0298749650958557, 0.0347040198651843, 
0.0396077122054809, 0.0453523885656499, 0.0511149814791711, 0.0565846957821907, 
0.0618360424571804, 0.0670841901248365, 0.0724295360220977, 0.0772359581386, 
0.0813990597165221, 0.0849929258350708, 0.0892754224617189, 0.0951092756589112, 
0.0995054115454295, 0.103636686415194, 0.110489401540133, 0.116619476186282, 
0.119978446018591, 0.122397110410616, 0.125347092640659, 0.128408978728356, 
0.13057625644778, 0.121883593652177, 0.117811443337331, 0.1385986333443, 
0.307485164816313, 0.293377249143144, 0.29224696550764, 0.182599685505168, 
0.175698203570365, 0.137168867950636, 0.131372279945795, 0.121766324659168, 
0.122543994655619, 0.12123269328089, 0.00819685085270837, 0.0542038907112741, 
0.0402456968177015, 0.0132383332125487, 0.0161393458182327, 0.0202854005607462, 
0.00986097709803747, -0.00223320394643082, -0.00769149064360214, 
-0.0135548364072726, -0.0189882378294106, -0.024057936476124, 
-0.029047144339545, -0.0336647951990404, -0.0373574913983861, 
-0.0408869883864908, -0.0439686099576105, -0.0448971635462664, 
-0.0458929753938135, -0.047030255621312, -0.0484262603034706, 
-0.0500370415503146, -0.0517807697927126, -0.0540257239544585, 
-0.0564451656030907, -0.0588195674559084, -0.0609184344120312, 
-0.0627787821265613, -0.0643877663629321, -0.0657957401757316, 
-0.0672024129860255, -0.0679712482186665, -0.0681107492807333, 
-0.0678863841049771, -0.067182406760868, -0.0657678949417234, 
-0.0637873227338281, -0.0617781505260681, -0.0600238068539998, 
-0.0580833899631356, -0.0555700327849262, -0.0525945054390805, 
-0.0492912018560571, -0.0463760904627583, -0.0440644627498049, 
-0.0420962833360556, -0.0399556715094354, -0.0383020526110845, 
-0.0367477638522874, -0.0348218433391717, -0.0320800318121646, 
-0.028083353032577, -0.0239583259044525, -0.0199589195268966, 
-0.0147024304400114, -0.00877178800328262, -0.00232869411337395, 
0.00308700698088354, 0.0121977908283632, 0.0251946124699225, 
0.0329833081284223, 0.0318482174401761, 0.0272107380722086, -0.0145351096122762, 
0.00377677776351002, -0.0322463583574706, 0.0590856292193222, 
-0.074844413186393, 0.0367360444310293, -0.0471429863874163, 
0.00801578055903302, -0.0036608568459794, -0.0170322889338403, 
0.000379523409614761, 0.14700948595343, -0.150684492761708, -0.135540623715915, 
-0.116483471457877, -0.125476092735376, -0.128060327539925, -0.120879223883208, 
-0.119320938527748, -0.116101873018209, -0.11242696926656, -0.10800649479937, 
-0.103194225402929, -0.0983215514683444, -0.0935477416606796, 
-0.0889144177250194, -0.0832032119290556, -0.0781299351768417, 
-0.0738493133686809, -0.0694186356406447, -0.0648615478452967, 
-0.0598348052885136, -0.0546351916521695, -0.0496837076705936, 
-0.0444022994443433, -0.0390295535469294, -0.0337335997139339, 
-0.0284706412282057, -0.0235377559960614, -0.0186887942145959, 
-0.0129989828139285, -0.00669362377977956, -0.00019391670657625, 
0.00625909576572626, 0.0126883609827845, 0.0190123533279659, 
0.0246827651527681, 0.0297906519523076, 0.034375541748062, 0.0391170472308932, 
0.0442132294056242, 0.0491372506263568, 0.0540695650602147, 0.0591080371698534, 
0.0643463311620739, 0.0693057962569817, 0.073900519933131, 0.0782856692361, 
0.0824534900285366, 0.0867228730581124, 0.0917018359452018, 0.0967162249791903, 
0.100677688422953, 0.105253495476555, 0.109920414949284, 0.11442190185974, 
0.118104033967635, 0.12098257225111, 0.124012533430586, 0.124735402709281, 
0.120935163025506, 0.110136701428283, 0.127716185423637, 0.31158344975074, 
0.299414189777904, 0.298832396953601, 0.193963716538801, 0.187826866346307, 
0.150147362126962, 0.145405753406406, 0.135024763199677, 0.131152513100095, 
0.135410626301448, 0.00413723920427391, 0.0401004607696904, 0.0291349552123841, 
0.0149080596681643, 0.0168950365019115, 0.0153568360748437, 0.00915504094259222, 
-0.00111618776124928, -0.00826560463381099, -0.0134570158500401, 
-0.018953904195932, -0.0245676471023429, -0.0294114777573793, 
-0.0339695841524302, -0.038264283771903, -0.0415635861569034, 
-0.0436683253494953, -0.0451223108281241, -0.0462974758113635, 
-0.0481589971142002, -0.0500458452551362, -0.0518800394217871, 
-0.0538256008041849, -0.0558523997259004, -0.0578644823677782, 
-0.0598466178835605, -0.0617568354914634, -0.0634803205373543, 
-0.0650339616155371, -0.0660166950149236, -0.0669687584001613, 
-0.0677138386558657, -0.0680234332428416, -0.0674822633616871, 
-0.0667942162495059, -0.0650251089228131, -0.0631663569278729, 
-0.061410948907372, -0.0597677471263488, -0.0579126159120362, 
-0.0559598431257979, -0.0534927042967628, -0.0509418759886297, 
-0.0488884514582373, -0.0472352206649733, -0.0451545505193025, 
-0.0429069179374419, -0.0410546243665478, -0.0393108793886058, 
-0.0371452407201229, -0.0340654322804905, -0.0299167185808843, 
-0.025446188046559, -0.0212572135298088, -0.0163148929925825, 
-0.0103506255165117, -0.00391053287619859, 0.00225144545294475, 
0.00954883752697123, 0.0174870127611013, 0.0246719367744406, 
0.0265714376110578, 0.027056462596445, -0.0168568512319181, 0.00078624936252004, 
-0.0335231258482451, 0.0494465411559199, -0.0723713737719971, 
0.0356580437265713, -0.0524955350839453, 0.00913543722414869, 
-0.00717742713402637, -0.0256000550112166, -0.00217854407516297, 
0.128768761418093, -0.13225481292399, -0.12106942017955, -0.11278567120002, 
-0.11608753372601, -0.118798529149529, -0.116728177709698, -0.113390352201341, 
-0.110399981261406, -0.107129096750384, -0.103053324218546, -0.0987022940501918, 
-0.0943140473159895, -0.0893694273488434, -0.0841913960938966, 
-0.0794145029438474, -0.0751675901808358, -0.0709670932443962, 
-0.0666211132071716, -0.0623574187890911, -0.0578177544206906, 
-0.0530407895914699, -0.0481204672447706, -0.042840357895247, 
-0.0375713441112218, -0.0324225694330658, -0.0272843882810804, 
-0.0225170971124278, -0.0177030789885657, -0.0121957811066424, 
-0.00632929998410056, -0.000135514290937177, 0.00601949383005604, 
0.0121655350457879, 0.0179774397860442, 0.02326369814434, 0.0282757342242731, 
0.0327044726922771, 0.0373545340614885, 0.0424596072594276, 0.0474641863188232, 
0.0527475242194464, 0.0579088886928272, 0.0628041936948923, 0.0674079611056738, 
0.0717923455723462, 0.0759988487087682, 0.079984464686978, 0.0842330602162029, 
0.0889937270639057, 0.0936196686259905, 0.0975257739719031, 0.101300585970261, 
0.105461913279252, 0.109655049093137, 0.113080530034306, 0.11563674450029, 
0.117269620562317, 0.118681996209823, 0.118738208587534, 0.114109719025372, 
0.122552579040469, 0.308626423233003, 0.296454982929747, 0.295330949375892, 
0.192202356599179, 0.185994524748769, 0.146302942714323, 0.143215775891948, 
0.116919412177183, 0.113977396001233, 0.116566829832435, -0.00896899982359283, 
0.0647493103874457, 0.0521743535813299, 0.0270861489750882, 0.0218057166155246, 
0.0162932796153978, 0.00818857688212438, 0.003478802295553, -0.00162183666508824, 
-0.00828217729241798, -0.0129581441036915, -0.016787768960177, 
-0.0197758760382067, -0.0236316363527645, -0.0313622454380231, 
-0.0375836764302977, -0.0416263114900389, -0.0463615145121887, 
-0.0506190982608947, -0.0532332913036425, -0.0544115741026807, 
-0.0564877650848144, -0.0590594396027624, -0.0614627877467947, 
-0.063609040506163, -0.0652391135337882, -0.0661339817521964, 
-0.0668802710708201, -0.0686128700023212, -0.0703244306667379, 
-0.0719684497048674, -0.0730926943586601, -0.0734058291125287, 
-0.0732141379450086, -0.07240583162717, -0.0701537200553341, 
-0.0681218464019051, -0.066140400461572, -0.0645802840666839, 
-0.0632955478494171, -0.061458903665228, -0.059322797350122, 
-0.0568239494924847, -0.0544512382878231, -0.051707345642742, 
-0.0488946537279195, -0.0460742820481061, -0.0427474812561533, 
-0.0389631605772705, -0.033836332539945, -0.0278601784162409, 
-0.0206741966330147, -0.0145672631239177, -0.0116688326931354, 
-0.00718984600134314, -0.00132332166463176, 0.00421396508781937, 
0.00984466887473903, 0.0152727717648876, 0.0208812137175569, 
0.0273412564100285, 0.0327358393076277, 0.0393188784244932, -0.013965177551962, 
0.00648188860238527, -0.0323488289994919, 0.0549779698931153, 
-0.0732596090700015, 0.0346544568545551, -0.0482379446401289, 
0.0102917002306688, -0.00537950937190486, -0.0224355311426375, 
-0.00154921421898427, 0.123210862956063, -0.129362579239082, 
-0.123148584948274, -0.119947225886979, -0.1197796964518, -0.116392619950764, 
-0.11290616837232, -0.111352912798633, -0.107030053365465, -0.102470749350267, 
-0.0991098126883818, -0.0967587881376276, -0.0961400140050563, 
-0.0944001146245653, -0.0892927818623738, -0.086116889986554, 
-0.0821078245778683, -0.0767401753663781, -0.0707242650700664, 
-0.0665469027655484, -0.0629743846751558, -0.0577060956758894, 
-0.0522178182475417, -0.0461569569285975, -0.0399394548127044, 
-0.0341087223302921, -0.0294756194483134, -0.0254301437070494, 
-0.0203384806798218, -0.0142267108144735, -0.00725169845078382, 
-0.000176031295271591, 0.00670001546541323, 0.0143100965409504, 
0.0212744591774943, 0.0268459965083999, 0.0318633739357014, 0.0359408678981909, 
0.0406808242814259, 0.0461530228133815, 0.0521093680234141, 0.0578043871202867, 
0.0629707865497972, 0.0682366571831202, 0.072829600371855, 0.077563750494904, 
0.0821683087499975, 0.0867184985097444, 0.090578242068746, 0.0941261997549749, 
0.0968721569466188, 0.09677801600661, 0.0979507301407288, 0.101544143521337, 
0.104562769794614, 0.107025931883407, 0.109318607256152, 0.111134679897306, 
0.113256270227001, 0.115073459093264, 0.116216974810167, 0.119281017947218, 
0.297440629207029, 0.286195529169839, 0.286870000246463, 0.177649235866911, 
0.172030980107334, 0.136914103518922, 0.132580232171444, 0.1248897438664, 
0.127548668440575, 0.1272148513222, 0.0139508404243158, 0.061790069088794, 
0.0510082434745574, 0.0230829250657554, 0.030724574975042, 0.0233704869406408, 
0.0141220361691094, -0.000859862429388014, -0.00740431166037835, 
-0.0112965931072009, -0.0174897889613758, -0.0235852475397378, 
-0.0286244008650369, -0.0311013464218794, -0.035641646294918, 
-0.0399020927012269, -0.0423265375877977, -0.0441214232661876, 
-0.0458153537593859, -0.0477821097513036, -0.0497530941073357, 
-0.0514209140555777, -0.0538119695927881, -0.0560504994253476, 
-0.0580008526108621, -0.0607846406228199, -0.063584148710176, 
-0.0651465544098997, -0.0666541973459982, -0.0680024833083082, 
-0.0687517494109509, -0.0688688056013867, -0.0690347262353036, 
-0.0689811684154781, -0.0677629917627067, -0.066593527041104, 
-0.0653620188305959, -0.0631646791137089, -0.0610727137167648, 
-0.058773952718627, -0.0561659564256945, -0.0540270056135008, 
-0.0518566752008568, -0.049993536053564, -0.0488132358792563, 
-0.0465169088737525, -0.0435621554653942, -0.0408888274379147, 
-0.038768809617179, -0.0370547433408968, -0.0344713099200617, 
-0.0297518874120313, -0.024846397105982, -0.0208487134044418, 
-0.015469486051372, -0.00920372023062982, -0.00284603034753651, 
0.00433642353991537, 0.0144131882438516, 0.0259597937423132, 
0.0340794011746195, 0.0314757501213715, 0.0349640928842177, -0.0146803236279177, 
0.00133509771195068, -0.0341727393054371, 0.0569861178481312, 
-0.0798425312236765, 0.0339869498392529, -0.0545616168930526, 
0.00585868064858323, -0.00736786234298232, -0.0226494665020349, 
-0.00607159292166376, 0.137508090487034, -0.140869661543111, 
-0.126816468224757, -0.120426734534321, -0.124927657717745, -0.128871217850592, 
-0.123466711430922, -0.118850038066775, -0.116822431197216, -0.112177039842692, 
-0.10777020470082, -0.101455150838199, -0.0979394972659619, -0.0942052196979294, 
-0.0883047093838276, -0.0828934331926982, -0.0787606829450032, 
-0.0748290913175738, -0.0700574778773432, -0.0650712767680956, 
-0.0605841255444216, -0.0559269237428479, -0.0508938520036603, 
-0.0458436771985362, -0.0406788989446161, -0.0352756380595792, 
-0.029670604309854, -0.024713200412636, -0.0193760662300349, 
-0.0130267341348619, -0.00675304527548537, -0.000530143343874917, 
0.0062741398853466, 0.0128356012488473, 0.0188249326104612, 0.025015389843524, 
0.0305944121533848, 0.035030437570792, 0.0395342569285819, 0.0447934071878928, 
0.0499842586623278, 0.0547750559712025, 0.0604499668333012, 0.0658851695956124, 
0.0714233243735855, 0.0761564162346221, 0.0801412201751732, 0.0835625639133925, 
0.0872472807590571, 0.0929081140193643, 0.0986355082834357, 0.103146512557058, 
0.106864801752433, 0.111590323136072, 0.116381665010411, 0.119981053035738, 
0.123900903157273, 0.127119241550836, 0.127588674911107, 0.125498486720998, 
0.118828047821395, 0.126487643974579, 0.313208669795386, 0.296287003052901, 
0.296347175257946, 0.190037382593831, 0.184942310712312, 0.159546862640356, 
0.156254892971877, 0.135330772803067, 0.132670697315435, 0.132314328585313, 
0.0195725634639566, 0.0474326212987759, 0.0356434249809923, 0.0226857662990148, 
0.0152537767388686, 0.0093366850736699, 0.00800262312727951, 
0.00376212219543337, -0.00292795557361503, -0.00926553232443461, 
-0.0163247300994645, -0.0224745751683281, -0.0267470619253132, 
-0.0319920923179589, -0.0373508740196615, -0.0408271579713638, 
-0.0444570283885026, -0.047168033297303, -0.0498160494455551, 
-0.052596869636625, -0.0551511640488547, -0.0571326895752988, 
-0.0591153324114432, -0.0611094728456748, -0.0629539685483618, 
-0.0644452864463406, -0.0655091656795286, -0.0658296486737863, 
-0.065938711561279, -0.0649056705999967, -0.0656454972420419, 
-0.0667050749024172, -0.0669966354564794, -0.0670643930860802, 
-0.0660111839728226, -0.0643843510095207, -0.0645992989921517, 
-0.0652676333348687, -0.0649586444091591, -0.0636264206487058, 
-0.062195297321974, -0.0606031175396052, -0.057650905570721, 
-0.0549908226630886, -0.0522036802158538, -0.0492500416437996, 
-0.0467136825252749, -0.043834188625236, -0.0403838905346363, 
-0.0371987136940572, -0.0332180461373699, -0.0275599048636441, 
-0.0224861056766653, -0.0175838794395873, -0.011117210478667, 
-0.00546432735441315, -0.000145456868911332, 0.00695052002509787, 
0.0139021838839866, 0.0184099247998362, 0.0220605436774054, 0.0270733303656506, 
0.0348712931080516, -0.0135353686926661, 0.0028773771491293, 
-0.0309703788750653, 0.0505869883504271, -0.0679293818885599, 
0.0329501633992676, -0.0550715185025262, 0.00620568672576003, 
-0.00724819277399444, -0.0231947456092633, -0.00530873635205539, 
0.117992370162177, -0.123824829738604, -0.120689239795617, -0.117319783046583, 
-0.112556908571933, -0.110936672493097, -0.111431939701234, -0.109903659769738, 
-0.108254996315631, -0.105444992551802, -0.101241454861479, -0.0978315177648959, 
-0.0945809697880227, -0.0897486657871327, -0.0852209710138985, 
-0.0812268533975055, -0.0768381521434716, -0.0730940640417394, 
-0.0690377267280729, -0.064537001264222, -0.0596698151963776, 
-0.0548122535974591, -0.0497487450065411, -0.0442686372128483, 
-0.038683558337504, -0.0330678001549914, -0.027522684752603, 
-0.0221900729403744, -0.017223797529835, -0.011848692650484, 
-0.00610045419948061, 7.61064119754855e-06, 0.0062205955202899, 
0.0123935174182584, 0.0178670110898736, 0.0230931547507501, 0.0286097822768279, 
0.0342288403711313, 0.0395315893640149, 0.0449262261284197, 0.0508538201589219, 
0.0564429866892308, 0.0612599438333161, 0.0661098620590457, 0.0703887741269225, 
0.0744958942453203, 0.0788556431047025, 0.0825495134189239, 0.0859864599770279, 
0.0905841075048459, 0.0946445758119665, 0.0972953396440332, 0.100684249094049, 
0.103790810002889, 0.105721258092269, 0.10805021125836, 0.11025003192152, 
0.110720598703727, 0.110732504798746, 0.112146872039146, 0.11461262354479, 
0.118448239670029, 0.303618675970608, 0.292848347057511, 0.291950448447551, 
0.188127732104432, 0.184214184547209, 0.144083014106497, 0.140645613361652, 
0.131996122928169, 0.13253930210888, 0.132751930310298, -1.62220331637539e-05, 
0.0462376742268389, 0.0341234069640526, 0.0143884676396235, 0.0198064542631251, 
0.0199805004047613, 0.0127224211534971, -0.000664855469030662, 
-0.0127695303023922, -0.0172954997551447, -0.0216567370076151, 
-0.0267129170784873, -0.0301258532689842, -0.0350491870529543, 
-0.0390513041277761, -0.0404381351742468, -0.0418337201670301, 
-0.0427150517991994, -0.0436851280750581, -0.0451530153357395, 
-0.0471878705680465, -0.049720283062312, -0.0524450012369347, 
-0.0550053727210272, -0.0576533703950846, -0.0599203081551708, 
-0.0620230087911211, -0.0637588571838309, -0.0649946757464694, 
-0.0660517259284121, -0.0672474614015533, -0.0676465861316506, 
-0.0675342011450945, -0.0673204090890096, -0.0665744394220921, 
-0.0656601963874613, -0.0639047577779421, -0.0619744565149138, 
-0.0601548135772126, -0.058465562541266, -0.0562110223715265, 
-0.0533610583428881, -0.0502347691355923, -0.0470761015204278, 
-0.0441859157850087, -0.041630350839766, -0.0393257009111609, 
-0.0371004312067065, -0.0352115458733705, -0.0338790524383785, 
-0.0332382970529809, -0.0304418452379555, -0.0259587797074527, 
-0.0223512503131422, -0.0175164564175179, -0.0122343355716357, 
-0.00611826634696352, 0.00144939449061187, 0.0113222579923829, 
0.0254379751866208, 0.0261184784945314, 0.0277582207354591, 0.0263650710015889, 
-0.0148777296212937, 0.00295403266331294, -0.0324188633045477, 
0.0554514176943845, -0.0761297707344881, 0.0384599089029413, 
-0.0567244340533678, 0.0117555689996102, -0.00746565022960734, 
-0.0269921488424374, -0.0045946056659288, 0.139257705056804, 
-0.141573457874527, -0.12805319285283, -0.116203646868197, -0.120534716137012, 
-0.124392138741091, -0.124906466276672, -0.118286502593537, -0.11355824960961, 
-0.110283535252654, -0.105150792659838, -0.100790560906862, -0.0961696089655748, 
-0.089500808653421, -0.084132779722513, -0.0799577604488626, 
-0.0760791363413288, -0.0716911762302342, -0.0668983042260087, 
-0.0622559543437692, -0.0576251187868652, -0.0530891823339951, 
-0.048399691812357, -0.0434388146589098, -0.0382891285302688, 
-0.0331259587790521, -0.0278942949083049, -0.0228765073656952, 
-0.0180145368943082, -0.0123608043188833, -0.00616531520983201, 
2.96896188052962e-05, 0.00624828909932285, 0.0124174991184478, 
0.0185261628719121, 0.0241719079264714, 0.029206258295592, 0.03371552268721, 
0.0385550193454734, 0.0435914946708705, 0.0484683138436034, 0.0532670566902807, 
0.0578935576923637, 0.062682410626901, 0.0673572594098323, 0.0718373914926029, 
0.0760750839540967, 0.0799902620141355, 0.0837325688233417, 0.0884207596839627, 
0.0944850022641463, 0.099389254473845, 0.103605644781598, 0.108607652207379, 
0.112845153572443, 0.117564635956588, 0.121751791585862, 0.125063539875578, 
0.12476298182275, 0.117583732089527, 0.111987130643329, 0.129189684299362, 
0.315625952430278, 0.299430523742642, 0.29894408076037, 0.196940894495295, 
0.189703885574159, 0.161463568421217, 0.157287018418458, 0.134694964427803, 
0.130334930655238, 0.132566787137171, 0.013714369162537, 0.0393165488898201, 
0.0296624689306446, 0.0183314182738309, 0.0131283054196641, 0.0128574780835667, 
0.00769713095918039, 0.000418170781942107, -0.00531264313399267, 
-0.0109885445732889, -0.016101954028955, -0.0210572926059971, 
-0.0262739190240596, -0.0318467215402279, -0.0370493599593803, 
-0.0403794727024187, -0.0434733774982085, -0.0464162966661141, 
-0.0486654447138424, -0.0509184387647473, -0.0531330308236986, 
-0.0553898013702989, -0.0572764684338881, -0.0587475753854607, 
-0.0601654166859933, -0.0612538817157942, -0.0624888117988339, 
-0.0639548328516034, -0.0652093944503206, -0.0664345764901482, 
-0.0675587887140613, -0.0681179706135838, -0.0683915431016307, 
-0.0681150333233652, -0.0675746374782375, -0.0662815593096845, 
-0.0647447499130389, -0.0630838769163778, -0.06138530824115, 
-0.0597535924571801, -0.0580430279792048, -0.0563445069327569, 
-0.0546498161373416, -0.0531093146505392, -0.0510346393530243, 
-0.0487517426656328, -0.0462044110991262, -0.0434318374579888, 
-0.0408872495987949, -0.0374100351347922, -0.033622009497337, 
-0.02956683100189, -0.024266992580874, -0.0188474174563479, -0.0134624818673818, 
-0.00789912930540138, -0.00215572770011319, 0.00365949705209381, 
0.00972524564253487, 0.0167728072545832, 0.0222106448131196, 
0.0245320973995879, 0.0282126969783943, -0.0178773975310286, 
-0.000887213396735277, -0.0349824164189454, 0.0485790586073486, 
-0.0711272314246025, 0.0327600875230401, -0.0498105172669309, 
0.00658276228579346, -0.00777991361656145, -0.0230669001785797, 
-0.00290327351394447, 0.124959794526583, -0.125966499248039, 
-0.120516225460407, -0.112451164548522, -0.112507176453323, -0.112788340450785, 
-0.110559676406013, -0.108214825293524, -0.105581359717231, -0.102673844532089, 
-0.0999786366019584, -0.0968312740230737, -0.0931269971834415, 
-0.088420049001054, -0.0838349959420952, -0.0801336607070893, 
-0.0758959707165007, -0.0715243378799168, -0.0674032931174187, 
-0.0633947330624613, -0.0588453526689441, -0.0537400069259484, 
-0.0486618088876692, -0.0433888990462898, -0.0380531407643509, 
-0.0326707703040401, -0.0273987112422838, -0.0225210238874384, 
-0.017831761636233, -0.0122945341453951, -0.0063873258433994, 
-0.000186147110771309, 0.00599732723136947, 0.012040675912297, 
0.0179790668914928, 0.0234551172897534, 0.0285007352222669, 0.0329599119453965, 
0.0377843559811947, 0.0431063864262489, 0.0484176743093599, 0.0536694307044845, 
0.058727811788047, 0.0637320128535034, 0.068533772361796, 0.0730789212510218, 
0.0769369733098656, 0.0808916408828529, 0.0849045424441147, 0.0886372418111414, 
0.0927547363489703, 0.0967733872613664, 0.100045736603112, 0.103100365391768, 
0.105821111594421, 0.108319168519277, 0.110443764597055, 0.112452372418187, 
0.113977047733685, 0.114198610290656, 0.113139016691174, 0.11895678714639, 
0.313828254321066, 0.297135904171073, 0.295082280594037, 0.192896195855728, 
0.185876000944205, 0.140746099583459, 0.135736332253374, 0.122736028304958, 
0.129666153229064, 0.123880002786968, -0.00147195895126737, 0.0431404678707299, 
0.0298616009480693, 0.0115077211061095, 0.0126288348536732, 0.0142925323748709, 
0.010410626512716, -0.00151791799236353, -0.0134291232778997, 
-0.0194850881788211, -0.0226049701055054, -0.0250632177991925, 
-0.0296594446094687, -0.033876479627157, -0.036489185067894, 
-0.0381318425549791, -0.0403231728835156, -0.041730839706398, 
-0.0421146642812923, -0.0426054104500905, -0.0451004748711265, 
-0.0485191752724521, -0.0514391654986841, -0.0542727028138314, 
-0.057040283453821, -0.0596504608658115, -0.0614164454089318, 
-0.0621265505939681, -0.0629855579971339, -0.0638007328802235, 
-0.0644469030624088, -0.0647738200871091, -0.0648378106196511, 
-0.0646621252783308, -0.0638988659973587, -0.0628988277195462, 
-0.0618493696138436, -0.0609618806758593, -0.0595452037102847, 
-0.0578765766587775, -0.0558190979309828, -0.0532382135552091, 
-0.0501932298467789, -0.0472625330870909, -0.0437841876892407, 
-0.0396958527730045, -0.037344881916319, -0.0362179990885257, 
-0.0347971185723764, -0.0338718470027565, -0.0318496404192611, 
-0.0289469137566527, -0.0255459099487533, -0.0211881578898906, 
-0.0167238692546811, -0.0123143118421173, -0.00799074352737456, 
-0.00243147716315071, 0.0091035005630205, 0.0132462207852061, 
0.0260510040025006, 0.0274664537113458, 0.0245300190569914, -0.0176535815949967, 
0.00544544451041089, -0.0394155558089328, 0.0638717043036948, 
-0.0859189808585364, 0.0358768478708733, -0.0502432533538026, 
0.0118728029971682, -0.0061903264305271, -0.0231997018907488, 
-0.00281629771824611, 0.144212456019957, -0.147274534084274, 
-0.13001701327959, -0.116113370751536, -0.118548619715655, -0.12174179670293, 
-0.123015826883892, -0.119289420714674, -0.112351596445411, -0.107585276141294, 
-0.104869175602438, -0.100173333677758, -0.0942620812955726, 
-0.0888196067819685, -0.0848483707978913, -0.0804536164198535, 
-0.0760500806328911, -0.0721198682916917, -0.0670710696472864, 
-0.0613816854862668, -0.0568801067665903, -0.0526932240778328, 
-0.0482506550120763, -0.0433598938182181, -0.0384851601945554, 
-0.0336793211028284, -0.0283417501695922, -0.0230713737766455, 
-0.0180817932377748, -0.012405505347116, -0.00648497702189767, 
-0.000377774840640544, 0.00568006205108184, 0.0116410464834643, 
0.0176140471758176, 0.0233452706805567, 0.0287591034047881, 0.0333585493146786, 
0.0381485238994917, 0.0432296004836485, 0.0480949903862385, 0.0528924512907257, 
0.0572222044803866, 0.0609031324020856, 0.0654921180651915, 0.0711688499645645, 
0.0757648978436292, 0.080161219347859, 0.0842119725751672, 0.0888192774179013, 
0.0932590369580166, 0.0981740754386008, 0.102953670428564, 0.107303388587607, 
0.111507341941354, 0.11530067882071, 0.119874509954516, 0.121956603730796, 
0.121157201281315, 0.124660800014387, 0.119757382720229, 0.129844313528957, 
0.318570780323565, 0.30381838984003, 0.301322748143706, 0.192958326418739, 
0.185519317629855, 0.147114900517355, 0.144139339170683, 0.131916731396388, 
0.128724058316723, 0.128895414946583, 0.00665843038375004, 0.0514318598708467, 
0.0407041978566387, 0.0250414756768451, 0.0169274244678101, 0.00904973937866398, 
0.00335805851550981, -0.00227715669031034, -0.00612764806908479, 
-0.00912787047543485, -0.0112002157847849, -0.0133906179630707, 
-0.0188921888281016, -0.0241610307643932, -0.0298790597159723, 
-0.0356148824591072, -0.0403620865878364, -0.0448411078759094, 
-0.049481124907716, -0.0529523724492153, -0.0559690816869916, 
-0.0578896173741313, -0.060266697921359, -0.0629673794998625, 
-0.0648364528586805, -0.0660786997957472, -0.0658244720188982, 
-0.0661018449895214, -0.068031235769555, -0.0696289563134082, 
-0.0703182855641532, -0.0709615312573046, -0.0706304447078276, 
-0.0703226885030197, -0.0703948610284658, -0.0704707318611243, 
-0.0686380082641209, -0.0672049777948519, -0.0654229434583317, 
-0.0635212132829728, -0.062616317710982, -0.0612100944105266, 
-0.0582846200424346, -0.0556818660560641, -0.0530249776930184, 
-0.0495764732448731, -0.0462369425269143, -0.0419859531151858, 
-0.0380384155448359, -0.0336896616496368, -0.0283931697510215, 
-0.0229681985224453, -0.0168318942648502, -0.0109888986404904, 
-0.00551120614964456, -0.000519420405419636, 0.00183365749711766, 
0.00491152582088285, 0.00789464116890223, 0.0139634165796945, 
0.0211077798437169, 0.0278822981759825, 0.0356010843096202, -0.0177509314815857, 
-0.000502108597438395, -0.0328387911558878, 0.0521186651026554, 
-0.0704694442475181, 0.0296151198893808, -0.0409170438338365, 
0.00961703054920109, -0.00671331665600153, -0.0211731238025344, 
-0.00331062140570648, 0.124514741641104, -0.127723652100332, 
-0.125296931709043, -0.123378864784082, -0.119192144200758, -0.114657956208372, 
-0.110097956140955, -0.104685255110328, -0.100243016727119, -0.095855146663199, 
-0.0914985957044644, -0.0891112916873273, -0.0882369346703837, 
-0.0872789128618738, -0.0849327343110154, -0.0820016255701085, 
-0.0794441387091273, -0.075702684080976, -0.0710458986437779, 
-0.066322695702374, -0.0614231238635324, -0.0570757898040498, 
-0.0515221463647516, -0.0452871639381936, -0.0389408065079581, 
-0.0332517513552173, -0.0285276803754102, -0.0242425811154902, 
-0.0188120043354764, -0.0126838824923619, -0.0063034769728728, 
0.000208346350430955, 0.00594448467656913, 0.0116000261485476, 
0.0186522249600254, 0.0252054336999521, 0.030646628099397, 0.0356122384379402, 
0.0399092044938913, 0.0450258002833762, 0.0512940604178521, 0.0572420271240023, 
0.0620417111755654, 0.0673211551686818, 0.0719744836220182, 0.0765674001432266, 
0.0802740277562428, 0.0830768347888335, 0.0861554270432201, 0.0888702812125099, 
0.0911126945380757, 0.0931925147148262, 0.092966621497824, 0.0932747197580989, 
0.0963062219523658, 0.100369659745211, 0.103932555868824, 0.108662302871695, 
0.114050252270342, 0.11781840365269, 0.120514756007242, 0.12276416822962, 
0.318003604727169, 0.296476959809458, 0.298650429810502, 0.186517486100704, 
0.181262838081975, 0.145993485273312, 0.144682113517321, 0.133953877667623, 
0.133462310783055, 0.133687689205597, 0.0159236248258572, 0.0440871973654211, 
0.0346209757741434, 0.020943291461037, 0.0168509849450891, 0.015393584605627, 
0.00871005088630784, 0.000222382014211664, -0.0059240465403113, 
-0.010774138043446, -0.0160339882241543, -0.0217617022072724, 
-0.0286984473389102, -0.0349418715841861, -0.0376358292262727, 
-0.0407912461438379, -0.0450016886114869, -0.0468563622724096, 
-0.0473865254776726, -0.0496174383377383, -0.0518479869708351, 
-0.0541690940022096, -0.056502778090715, -0.0581807519359647, 
-0.0595235371723018, -0.0610504559509738, -0.0622036196024509, 
-0.063427760943675, -0.0644891609606322, -0.0654984436264068, 
-0.0662216017975996, -0.0662958663210728, -0.0663791531963152, 
-0.0664621157899957, -0.0648537568714626, -0.0634385093222578, 
-0.0619436048793597, -0.0605411849361735, -0.0592713388497403, 
-0.057848581008465, -0.0562668609487816, -0.0548408815771995, 
-0.0539373887468356, -0.0521838736177349, -0.0502950708088864, 
-0.0485495330903787, -0.0456924750677933, -0.0427044634049137, 
-0.0401114310971823, -0.0375975707022475, -0.036059374180841, 
-0.0325289528113998, -0.0262673386756516, -0.0211836773029384, 
-0.0163658248556127, -0.00949104146054114, -0.00298950346592665, 
0.00248345014997004, 0.00977033103884578, 0.0201758731376572, 
0.0273473582032181, 0.0230908963390628, 0.0303270523280062, -0.0171681219709958, 
0.00108185221165323, -0.0349033511893148, 0.0540849351056775, 
-0.0787723269099214, 0.0288838751534261, -0.0507779957385072, 
0.00736385349549022, -0.00804630067439744, -0.0252475341541646, 
-0.00664634733556457, 0.126128776308334, -0.12775970908698, -0.118909629213791, 
-0.11603873781397, -0.116165253454154, -0.11670930746352, -0.114304459704181, 
-0.111470015653458, -0.109178293743432, -0.10694847407369, -0.104096337653197, 
-0.100141373744415, -0.0939110034658352, -0.0888995540624102, 
-0.0861148284785885, -0.0809190451403461, -0.0753293356349488, 
-0.0711886582161707, -0.0674190542100545, -0.0633641140861256, 
-0.0589745317869047, -0.0540570727399894, -0.0488672719343458, 
-0.0435181345262318, -0.0381883146646422, -0.0328328142775736, 
-0.0274929456969179, -0.0224883826539127, -0.0176406006156855, 
-0.0120066054768924, -0.00611015396554998, -0.000148930424341762, 
0.00602584960207932, 0.0118577872832836, 0.0175377069798529, 
0.0229570963372565, 0.0281621617917006, 0.0328556387656154, 0.0377406838784992, 
0.0431662564248005, 0.0486271094846475, 0.0539528450609077, 0.0590008913253929, 
0.0638353699910394, 0.0689576278231565, 0.0737421668409149, 0.0775302384927952, 
0.0812489341315873, 0.0844042925038286, 0.0883457050863606, 0.0947134777878444, 
0.10018082779022, 0.103374656592971, 0.107222784357575, 0.111243184116066, 
0.113775883410584, 0.115935457000253, 0.118518815986736, 0.119760341429511, 
0.117801912118047, 0.110822372974769, 0.121913553992241, 0.358484683688877, 
0.351078283567003, 0.349097606875784, 0.210887946055875, 0.203604906096872, 
0.151666640254636, 0.146796857208911, 0.131836320049635, 0.136964489118431, 
0.131482669925187, -0.0354774822501828, 0.0149337363495665, 0.00917755482536791, 
0.0207223219274504, 0.0137692580802435, 0.00799845551599051, 
0.00247548438422832, -0.00237929445170123, -0.00691879426115665, 
-0.011516478426033, -0.0166247518402028, -0.0218777332653884, 
-0.0267963721642024, -0.0314107478335895, -0.0348896141785109, 
-0.0382242782092162, -0.04377839050709, -0.0476092497923673, 
-0.0486436313888592, -0.0488317372381213, -0.0524428336265697, 
-0.0570945665137328, -0.059678690360852, -0.0622645397630872, 
-0.0645977105827353, -0.0657698671751886, -0.0661598322871806, 
-0.0684668432876594, -0.0697597748241906, -0.0669544801865307, 
-0.064220919577358, -0.0640326977265525, -0.0645054927093502, 
-0.0646805388302743, -0.063774106373557, -0.0623964870859918, 
-0.0619345546963088, -0.0646372206758025, -0.0671045602388253, 
-0.0658295498488803, -0.0634601772789505, -0.0612075023948982, 
-0.0571276154445182, -0.0539257833336083, -0.0518117221545166, 
-0.048706386336971, -0.044579659581439, -0.0415740831539341, 
-0.0392224957041727, -0.035867178991861, -0.0314926768344812, 
-0.0295473499986817, -0.0264067360881547, -0.020599153388742, 
-0.0149595780491248, -0.00949251090854244, -0.00434329729147801, 
0.00111401342372083, 0.00560860648172639, 0.01077561315295, 0.0164104407710696, 
0.0216721100142843, 0.0290497313435138, -0.021084091698679, -0.00546146451897042, 
-0.0356187684886141, 0.0394422384275786, -0.0638879652923959, 
0.0370671689740614, -0.0542146413028831, 0.00217432045356097, 
-0.00758189539211806, -0.0172581907231288, 0.00174599202613066, 
0.0952685377020327, -0.0949042107808601, -0.101795178770892, 
-0.0985246208778697, -0.0962814934385908, -0.0951135653668353, 
-0.0938566948156832, -0.0920854436682698, -0.0895885982496769, 
-0.086916113743827, -0.0850282390558962, -0.083270441381564, 
-0.0810492532890135, -0.0777074007331358, -0.0732360559532279, 
-0.070148886105801, -0.0688854072231688, -0.0667708181616382, 
-0.0614992373980072, -0.0559042436794382, -0.0536738868890837, 
-0.0503936863795287, -0.0460244556145565, -0.0415197532006339, 
-0.03644792328435, -0.0305283840622228, -0.0252218210160241, 
-0.0214919734033046, -0.0187162705637034, -0.0124375045862013, 
-0.00527957203572298, 0.000699633895712528, 0.00553291679476976, 
0.0103085185123902, 0.016228789290842, 0.0236974386972686, 0.0304844590394489, 
0.0327617375604761, 0.0369971372293567, 0.0419986198003397, 0.0456596335846081, 
0.0503398776467013, 0.0557509429642962, 0.0595730231974251, 0.0619421463735079, 
0.0648072918439556, 0.0692724481137548, 0.0721259474248497, 0.0746797158321883, 
0.0783791503179099, 0.0834885581712391, 0.0869817284053789, 0.0888700914547859, 
0.0902202794940121, 0.0911077943455021, 0.0912417295888152, 0.0933067037978715, 
0.0954349657433863, 0.0972914407124407, 0.0976428794915774, 0.0979181161056027, 
0.0989661781317396, 0.36602456364254, 0.353263631723512, 0.351719831778594, 
0.213568819607303, 0.206997948252693, 0.158128634963587, 0.152873093467068, 
0.134605924944284, 0.139608781119472, 0.134360767300306, -0.0329835522563025, 
0.0217995166701804, 0.0116304424836612, 0.0207084073610365, 0.014910585451799, 
0.00812259012890182, 0.00488272823252665, -0.000294537196470219, 
-0.00497793967013231, -0.0101943925776917, -0.0155114914580342, 
-0.0203685337971548, -0.0250350343258702, -0.0300879578263772, 
-0.0354610923414624, -0.0403342973896826, -0.0451630463863986, 
-0.0489905438983066, -0.0526250075775521, -0.0560735885982911, 
-0.0582336978971921, -0.0600077345864185, -0.061778580744448, 
-0.0627041891086194, -0.0636574832037901, -0.0649663349514301, 
-0.0670738999449, -0.0689289573176341, -0.0699743468276007, -0.0701979913751308, 
-0.0705107986936142, -0.0706514282879846, -0.0709612376156316, 
-0.0709826025944283, -0.069846763799018, -0.0688064428983298, 
-0.0684533814329492, -0.0683625197077106, -0.0675481425623304, 
-0.0656068746097476, -0.0620888149607606, -0.0591589013670296, 
-0.0571545633532018, -0.0551558822376204, -0.0530779886383507, 
-0.0505301849111018, -0.0477708445994417, -0.044786368391925, 
-0.0416204969189787, -0.0376624358515324, -0.0326957036892075, 
-0.0276373864227602, -0.0225329079211427, -0.016930149531535, 
-0.0117915807580399, -0.00734107985778304, -0.00181244805429883, 
0.0038144298604531, 0.00834465999137422, 0.0131443503737604, 
0.0176611698153843, 0.0222147696029762, 0.0287165141519326, -0.0209614830451395, 
-0.00521931319705481, -0.0344676725180321, 0.0376250006372237, 
-0.0598239529865707, 0.035745990603248, -0.0499548300917884, 
0.00169895798915498, -0.00564044814958907, -0.0136148924981207, 
0.00406912208684995, 0.089066846823915, -0.087990436232349, -0.0968561836163353, 
-0.0911340965115642, -0.0895543412181876, -0.0892312223159908, 
-0.087612083149711, -0.0859831026696703, -0.0840439325177265, 
-0.0824530789200404, -0.0810330326366474, -0.0792985794239821, 
-0.0771305392069407, -0.0751700355438351, -0.073711790020098, 
-0.0719449011434297, -0.0706395801889211, -0.0687351727239672, 
-0.0653661015292101, -0.061029470990077, -0.0562413588628669, 
-0.0515559253574607, -0.0466320059802507, -0.0412341992211241, 
-0.0358683276371276, -0.0311241714167966, -0.0260069890839799, 
-0.0212240126449041, -0.0163087329394652, -0.0108250620725582, 
-0.00518182583774503, 0.000581516601316751, 0.0063809468514768, 
0.0119230298482568, 0.0176006339464223, 0.0231564979130732, 0.0285623264365583, 
0.0331147274268341, 0.0372033525699622, 0.0412556627658321, 0.0465534591058096, 
0.0518295322064933, 0.0566321086758798, 0.0614140973427351, 0.0655702568029872, 
0.0690422081630293, 0.0717074493034558, 0.0735482883513175, 0.0748047816354808, 
0.0762638605280346, 0.0779165626587516, 0.079437221836799, 0.0811639974337975, 
0.0832911781788655, 0.0845168848404774, 0.085715653333582, 0.0875199000979197, 
0.0889281136244961, 0.0900159710484515, 0.090646216324967, 0.0921160447191092, 
0.094184485386694, 0.350120297044611, 0.339576570886748, 0.337298337308953, 
0.198298775467878, 0.1903317380219, 0.161454407715101, 0.15717239330047, 
0.124948870815074, 0.128668072852051, 0.125091606708163, -0.0498472498091495, 
0.0474798596187396, 0.0359093868456771, 0.0204866463829182, 0.0233562334171376, 
0.0232668381606387, 0.0141597801072989, 0.00174922452808811, 
-0.0105320357446274, -0.0113836983119433, -0.0127665678805063, 
-0.0187479993921866, -0.0240915064126369, -0.0288745064906717, 
-0.033375026432636, -0.038174664190199, -0.040965153126912, -0.0447141832620235, 
-0.0491418457794711, -0.0539814790797592, -0.0610014162405002, 
-0.0647871758079678, -0.0615473761225687, -0.060063617546765, 
-0.0630294050612108, -0.0674623359546136, -0.0721182038490548, 
-0.0756190726382461, -0.0742803010764917, -0.0709240358298752, 
-0.0698676230783749, -0.0693778706742215, -0.0674321889593519, 
-0.065699890957095, -0.0662875264471587, -0.0673735583404326, 
-0.0697649419523753, -0.0720166477595817, -0.0733532824935978, 
-0.0707213184392699, -0.0646231436270602, -0.0598911950034616, 
-0.0561587497612115, -0.0560394468857194, -0.0543203124698121, 
-0.0564237516529258, -0.0512271395582678, -0.0429851462957985, 
-0.0386986059521147, -0.034411259688352, -0.0304491246867531, 
-0.026056246259731, -0.0206301771701512, -0.015863883891918, 
-0.0105517071734057, -0.00491244592340154, -0.00160676013552082, 
-0.00185892074876723, 0.00697877825504546, 0.0202184435949346, 
0.0322172289633434, 0.0360916744522141, 0.0311565575788621, -0.0185985887390981, 
0.00784882492454319, -0.0429394115883763, 0.0626002403518144, 
-0.0853733094931138, 0.034795323304279, -0.0511878900664433, 
0.00675402892714291, -0.00640755955468915, -0.0199465700813578, 
0.00223347874291016, 0.0948478261530696, -0.0984331518763979, 
-0.098911713234095, -0.0990206316809086, -0.0934152003582032, 
-0.0863699358458762, -0.0827046438201139, -0.087130108489607, 
-0.093030537752108, -0.091075537610955, -0.0885668752644385, 
-0.0866078187701112, -0.0855631752332517, -0.0822243688712702, 
-0.078384292691671, -0.073653311454874, -0.0697242843130935, 
-0.0695839092246605, -0.0720866287186609, -0.0668164504642182, 
-0.0598212818307327, -0.0496611545955061, -0.0480611623681919, 
-0.043484513243932, -0.0407625753826959, -0.0358311959088835, 
-0.0282539773591487, -0.020019974420575, -0.0155926025814474, 
-0.0112642949201327, -0.00617020768657141, 0.000286521453418766, 
0.00587234885204337, 0.0114708543370055, 0.0174338488329937, 
0.0211950097456531, 0.0267056205960892, 0.0340487313288391, 0.042694156532407, 
0.0473972420032391, 0.05000761931646, 0.053315961997022, 0.0569781938110292, 
0.0629919403114379, 0.0687759010417507, 0.0778655250063744, 0.0774741624360688, 
0.0765972740936783, 0.0781104973330826, 0.0821818683254116, 0.0853723353109238, 
0.0885134059329048, 0.0895142627844188, 0.0905151783155964, 0.0926835939373991, 
0.0943159459540276, 0.0914969999871308, 0.0840829354737421, 0.0841925446801741, 
0.0909316439091978, 0.0970684869828292, 0.0975085124693022, 0.358315047763257, 
0.344971505004648, 0.343665224599426, 0.211502638016527, 0.205648102298933, 
0.151912329079861, 0.147129508030022, 0.128165977518618, 0.131951555013949, 
0.12810513981435, -0.0577576545494787, 0.0510491042721484, 0.0392719869430548, 
0.0227046164541128, 0.0261269544384789, 0.0181794975846429, 0.00528180294442975, 
-0.00319866804570381, -0.00319725916155211, -0.00632028534475749, 
-0.00765275019425852, -0.0134199186919614, -0.016760349410448, 
-0.0210451528589254, -0.0284012244831407, -0.0383284798317171, 
-0.0455308195159166, -0.0483084951889003, -0.0523813283040618, 
-0.0572991698375522, -0.0540590733066394, -0.0549043142295352, 
-0.0574950978624321, -0.0612085221437191, -0.0669262953832069, 
-0.0740262062968967, -0.0822298263969484, -0.0825798056251743, 
-0.0730663372268703, -0.0695699326077339, -0.071937326716328, 
-0.0745189900140199, -0.0751569773735677, -0.0745534509382864, 
-0.074234248488121, -0.0734043404155982, -0.0699874006504055, 
-0.0686603761249387, -0.0748611903913628, -0.0792034200668118, 
-0.0730853204116094, -0.0650557995399834, -0.0587125687467054, 
-0.0546495919014887, -0.05135257480934, -0.0495850922400517, 
-0.0487240475771752, -0.0472090537908814, -0.0422714611554252, 
-0.0386505136499342, -0.031439296839365, -0.0226695413807283, 
-0.0158129668956069, -0.0110289031687547, -0.00576963570379409, 
0.00253050194918711, 0.00428394086971599, 0.00566579307846594, 
0.00204111651722783, 0.00874297338530103, 0.0240366234401791, 
0.0338240751786164, 0.0330950412926632, -0.0198290472466331, 
-0.000232589491144328, -0.0375753780947557, 0.0403178949524183, 
-0.0637950326639992, 0.0317787538001985, -0.0505011345271356, 
0.0029667345123039, -0.00611544930116234, -0.0159016714243179, 
0.00324487864177205, 0.0907725290625975, -0.0940305714711483, 
-0.0951946072457601, -0.0935195546889073, -0.0883042860976975, 
-0.0875912881182092, -0.090885074652927, -0.0936224613408891, 
-0.0897145104463925, -0.087051323354938, -0.0809339382622132, 
-0.0783375264820056, -0.0741148254689076, -0.0689327021228045, 
-0.0668864511393583, -0.068664060462135, -0.0702387533109674, 
-0.071555968634258, -0.0682218398901882, -0.0604082048505205, 
-0.0551253715015839, -0.0533072562978827, -0.0536308710935581, 
-0.0520209003733286, -0.0478813128500216, -0.0380173099024307, 
-0.0220374434055641, -0.01640748964313, -0.0155223019602549, 
-0.0136158304402379, -0.00718804132861514, 0.000324468502588234, 
0.00647036573653261, 0.012497528114806, 0.0198242872261176, 0.0251590001238454, 
0.0256658849560199, 0.0285075579106826, 0.0402627751243943, 0.0525060014693498, 
0.0583235837109751, 0.0608621389810242, 0.0615765268389529, 0.0642252658434256, 
0.06721365916389, 0.0723258331804651, 0.077470423867934, 0.0762554846683873, 
0.0734738994325839, 0.0720306474786664, 0.0731918904961832, 0.0764308079700978, 
0.0789031613409248, 0.0812125188822743, 0.0878725432166581, 0.093772873055604, 
0.0973772818790442, 0.0957479508578308, 0.0857250368767792, 0.0835814179717664, 
0.0879933250289511, 0.0910474487099375, 0.353999064129782, 0.337396805718565, 
0.336255340264239, 0.223898339902499, 0.218332480241261, 0.168918963890941, 
0.162903465462327, 0.139542089606249, 0.142809481390984, 0.139973188893986, 
-0.0493706431755904, 0.0265264125082996, 0.0165699768158143, 
0.017208512937853, 0.0160341789331113, 0.00957848457411727, 0.00473586200153251, 
0.000826216605359436, -0.00346197885278181, -0.0073791641368822, 
-0.0122381353931738, -0.0241262786429809, -0.0296335451428385, 
-0.0313278479503628, -0.0363337667751762, -0.0414735842860488, 
-0.0475711287359378, -0.0543833109321176, -0.0544957496396358, 
-0.0544363126106922, -0.0530575107598498, -0.0582560114215141, 
-0.0620750216019142, -0.0663695459761216, -0.0705596966406987, 
-0.0752809169818177, -0.0745386285028581, -0.0748884333100448, 
-0.0698452924119349, -0.0676982124014526, -0.0662719661790143, 
-0.0653724452712227, -0.0645813674537171, -0.0639007252508631, 
-0.0638058292252455, -0.0628232888388989, -0.0633042634407691, 
-0.0663556325632576, -0.0712092836192959, -0.0730009316266995, 
-0.0675699821798455, -0.0631850347554945, -0.0591085918262881, 
-0.0549108606639794, -0.051462417749034, -0.0451629247258428, 
-0.0380526859831566, -0.0478034142310515, -0.0467609308711859, 
-0.039810558436753, -0.037624536222935, -0.0351467041058481, 
-0.0251828164405642, -0.0143295293625473, -0.00557083297852869, 
0.0015487768052752, 0.000777218906548753, 0.00255941177726506, 
0.00995641884017656, 0.0164033151739155, 0.0190925852790376, 
0.0212225942948557, 0.0240390853304696, -0.0183878490098927, 
0.00351585119958304, -0.039749869997194, 0.0433490702483615, 
-0.0646582675165532, 0.0314005782756254, -0.0447534954696796, 
0.00157709234986245, -0.00501854998588709, -0.0125916410655156, 
0.00373537423173112, 0.0908616210175309, -0.0918918408109474, 
-0.101643393729121, -0.097030383489165, -0.0918646616822757, 
-0.0904504249314896, -0.0891040395363085, -0.0865807458724607, 
-0.0845910838803932, -0.079898521535704, -0.0763411988660524, 
-0.0805667025945137, -0.0795065915944314, -0.0762712545260123, 
-0.0737705951102084, -0.0769116762551012, -0.0741067784579753, 
-0.0662320027723423, -0.0611460432883419, -0.0596036343367232, 
-0.0545547425773588, -0.05230732223489, -0.0493725937419914, 
-0.0447363793564874, -0.0375703537423116, -0.030871970703966, 
-0.024980794506204, -0.0208601382287608, -0.0168246898125908, 
-0.0114149190268482, -0.00569215678021492, 0.000101514834735774, 
0.0061783744076392, 0.0117858222792165, 0.017791304296122, 0.0250410197115857, 
0.0299219445508557, 0.0321360483548249, 0.0395999114815779, 0.0462360738575125, 
0.0498575972055456, 0.0532763966591236, 0.0553129390093702, 0.0569771894214195, 
0.0601804224863439, 0.0702421187600766, 0.0712085338329447, 0.0785990146264908, 
0.0831668716968853, 0.0802537663749111, 0.0741237745741431, 0.0717187302577385, 
0.0737917499320005, 0.0776573821566027, 0.0850069901019765, 0.0924354700690791, 
0.0865060622330584, 0.0883885303995619, 0.0934798637815751, 0.0937879976947983, 
0.0984714734746957, 0.0941828311808075, 0.334993109110958, 0.325049606555238, 
0.32393305113403, 0.229457901667076, 0.222878697366245, 0.169699608437352, 
0.165965986720824, 0.152851392505322, 0.158093407163419, 0.151759969219953, 
-0.0525946157644521, 0.0371802592047259, 0.0302771544090944, 
0.0227163317821722, 0.0210812054223539, 0.0151233870674511, 0.00618188662708553, 
0.000945380101792884, -0.00309936354180059, -0.00994016687116487, 
-0.0173293196974079, -0.0213551282805759, -0.0224916000293491, 
-0.0258548452143137, -0.0345034131298172, -0.0391885112302764, 
-0.0430751050893831, -0.0475952103129286, -0.0490109788186303, 
-0.0504904403029608, -0.0554899077791802, -0.0618884504632845, 
-0.0647678952350587, -0.0653770848114535, -0.0671332138590839, 
-0.0739170126214228, -0.0781592838093066, -0.0774313559144203, 
-0.0688848729438072, -0.0696955478146504, -0.0716160372514508, 
-0.0710217156383049, -0.0708744297158819, -0.0709557045093853, 
-0.0700752852329483, -0.0690804879754333, -0.0692787464601939, 
-0.0700906582264825, -0.0688996120320585, -0.0756980305155523, 
-0.0742212009893817, -0.0669610706472134, -0.0616419169488391, 
-0.0586016058624923, -0.0569733536096909, -0.0523549108902331, 
-0.0479359643550559, -0.0439217505846148, -0.0411317529394181, 
-0.0373644851024069, -0.0324932821852166, -0.0284107993599777, 
-0.0238812795483365, -0.0162181925055188, -0.0102627007854883, 
-0.00618079167508052, -0.00388416045655736, 0.00207004941927761, 
0.00714617192049549, 0.0120754282591279, 0.0191500138180005, 
0.0260462815433856, 0.0346269700825619, -0.0203966876163207, 
0.00633778998021006, -0.0446767680714032, 0.0405890903195673, 
-0.0693574243390207, 0.0325221000004936, -0.0534838109725205, 
0.00269956512347941, -0.00764548879695401, -0.0195398463871335, 
0.00392234057100186, 0.0864142266852689, -0.0887877015611156, 
-0.0918773917550583, -0.0914259614038732, -0.0882867285098995, 
-0.0865243946720992, -0.0860942822915507, -0.0847465673114833, 
-0.0830260157316622, -0.083500112529191, -0.0860642735562097, 
-0.0842143949950747, -0.0792464746549058, -0.0751975042960405, 
-0.0751190813725733, -0.0730006153203718, -0.0711172355060915, 
-0.0687521525173418, -0.0655997264801505, -0.060675676480269, 
-0.0601453525043675, -0.0525259304793186, -0.0485770459954245, 
-0.0474744003794822, -0.0432805172891698, -0.0352301745570904, 
-0.0253230102700396, -0.0207770336681512, -0.0192061666901176, 
-0.0127994097692485, -0.00551121099168606, -0.000224371945133766, 
0.00606650869326862, 0.0123780262196427, 0.0183648962242914, 
0.0247699454613147, 0.0302143037857004, 0.0326869654870802, 0.0369726957697883, 
0.0486937896505598, 0.0557125410290302, 0.0578386898549616, 0.0588757342622599, 
0.0638254834155007, 0.0706132731348158, 0.0729099248529248, 0.0746757702589971, 
0.0756583896453757, 0.0789461632973804, 0.0806951250838047, 0.0819345581312103, 
0.0824381724177481, 0.0828418203722627, 0.0858860655029765, 0.0890626159257426, 
0.0884678254843411, 0.0872243444751122, 0.0875385194299484, 0.0874684715544995, 
0.0875296228533538, 0.0887618453667227, 0.0878937413469081, 0.344759530784347, 
0.336558288453576, 0.336122188118818, 0.211791384823338, 0.206306782652443, 
0.157480434933446, 0.153045602373083, 0.143002102846679, 0.148982782556255, 
0.143480310386457, -0.0326734804728299, 0.0253338271258805, 0.0123246292102579, 
0.0181676035734427, 0.0130312169753633, 0.007359181355217, 0.00131567262690366, 
-0.00393522922450156, -0.00866313530693788, -0.0124734629752554, 
-0.0146817897518383, -0.0197514655276709, -0.0265031819603408, 
-0.0330756183198457, -0.0381394972909657, -0.0436215600183795, 
-0.0597866572491227, -0.0531224375491812, -0.0537958901245961, 
-0.0481671923066309, -0.0553399427479846, -0.0592471634566559, 
-0.0625640165283847, -0.0657848910586877, -0.0692214531557945, 
-0.0724876256987181, -0.0691220992603878, -0.0627584009391197, 
-0.0614544474946146, -0.0613902446115547, -0.059759262489867, 
-0.0572033614686089, -0.0566388755942447, -0.0564799840674347, 
-0.0565717652064661, -0.0600021973412853, -0.0598008308325694, 
-0.0576495274987367, -0.0629597661271759, -0.0665881696141134, 
-0.0678628340393817, -0.0637347482069861, -0.0603690500379741, 
-0.0564540755539315, -0.0528159671099089, -0.0483546186599896, 
-0.0438665811558473, -0.0486826021480341, -0.0528120826422401, 
-0.0420113484745472, -0.034733744736136, -0.0312754411428644, 
-0.0260883663297371, -0.0176699446454309, -0.00890068494900707, 
-0.00479105673463976, -0.00343464201349049, 0.000586772283966991, 
0.00627660456833129, 0.0118957103809958, 0.0174304890604107, 
0.0252150249874937, 0.0248062717739385, -0.0164640183701116, 
0.00324350285670441, -0.0356615273349705, 0.0515834179380327, 
-0.071846277163371, 0.0412699150711698, -0.0596786098454409, 
0.00661796807589365, -0.00704983963368825, -0.0215615173463898, 
0.00114831229405997, 0.0963623504081278, -0.0998291971527816, 
-0.101900702559575, -0.100060824429108, -0.0978206852434971, 
-0.0970938494180517, -0.0969486020085048, -0.0948053147377373, 
-0.0919333735511872, -0.0875389363620701, -0.0824175027721055, 
-0.079483903302202, -0.0779893050046927, -0.0793554192297967, 
-0.0848594973940548, -0.0761678060039961, -0.0691796622794447, 
-0.0667784272005129, -0.0621641423577083, -0.0566435307078047, 
-0.0553851836227626, -0.0516803490656597, -0.0476265872168075, 
-0.0429545085030702, -0.0361579184860345, -0.0331685461059336, 
-0.0316520880506432, -0.0218194161842352, -0.0184915906749493, 
-0.0149612681479525, -0.00774484753602749, 0.000179105158268749, 
0.00652976873803779, 0.0152136317213688, 0.0228275756430628, 
0.0213804488856989, 0.0304720826185326, 0.0392369075348706, 0.0393318889416605, 
0.0443412907542513, 0.0493712394327174, 0.0538456210506588, 0.0573678573618216, 
0.0603485999147638, 0.0627462076266918, 0.0676532559518572, 0.0710360568153394, 
0.0772433868377531, 0.0878642061524102, 0.0827351705877556, 0.0810500935636485, 
0.0797374952424965, 0.0794606066762667, 0.0842316522770213, 0.0908188329278992, 
0.0938770196375188, 0.0941956387255289, 0.0942205050856098, 0.0956153361963862, 
0.095989905048319, 0.0982746408290642, 0.0994532804216108, 0.356160623137883, 
0.348938044079381, 0.348323972788885, 0.209502542677025, 0.202576235306437, 
0.160435829393345, 0.157226814913359, 0.127191881762624, 0.129006968933497, 
0.126062853715548, -0.0396493877786934, 0.0169628401819694, 0.00439749233396442, 
0.0191080479138731, 0.0113997622915142, 0.00661901699255606, 
0.000987379421130066, -0.00619617249281915, -0.0119481184600264, 
-0.0145827818856485, -0.0147017933482774, -0.0133432704975687, 
-0.0188351691049276, -0.0321715172301436, -0.0398344258253924, 
-0.0437064688672775, -0.0480742955447438, -0.0524573885963725, 
-0.0531823137682231, -0.0529986820492369, -0.053316660697861, 
-0.0551456022273188, -0.0569148262129058, -0.0613556217652449, 
-0.0631674961073692, -0.0656853309292794, -0.0666513311446884, 
-0.0663469619484964, -0.0648337271775604, -0.0636137553477171, 
-0.062753661953986, -0.0618905588460189, -0.0620604246832341, 
-0.0609872363795134, -0.0598079033813499, -0.0618568255307339, 
-0.0623827586142358, -0.0629127366567862, -0.0639636455702376, 
-0.0628244385171758, -0.0612691361391818, -0.0598957219465714, 
-0.0576661728685989, -0.0531592279338325, -0.0476829247797156, 
-0.0465546352893417, -0.0453659813100555, -0.048906706563054, 
-0.0443879016995492, -0.0405072010670481, -0.0374537866078304, 
-0.0310864589092198, -0.0218899768091225, -0.0126994496206395, 
-0.00909696251599457, -0.00661040214956744, -0.0026537106287448, 
-0.000189883307177416, 0.00428055904227174, 0.0112736486319593, 
0.0176319671347791, 0.0220285268986559, 0.0271145217356524, -0.0157400055376635, 
0.00593178553971214, -0.0367446229544455, 0.057409996116208, 
-0.0815505193970596, 0.0288595799502933, -0.0472790873585196, 
0.00865987239586929, -0.0080291992678742, -0.0254858126348527, 
0.000747720548478594, 0.0971226497328787, -0.0980039570046258, 
-0.104014400263306, -0.103099565769614, -0.100988341718994, -0.100917469591234, 
-0.101459178941928, -0.0973043657657552, -0.0934262654206897, 
-0.0898681491191919, -0.0837945624216792, -0.0732608486874872, 
-0.0679226205987006, -0.071164387899122, -0.0724812644428124, 
-0.0748069871303879, -0.0729583636412702, -0.0674927001170443, 
-0.0605678983984146, -0.0556716602449937, -0.052437966187296, 
-0.0482013746435343, -0.043669765208602, -0.0388863726935633, 
-0.0349245372402944, -0.0308704400310961, -0.0271898100197216, 
-0.0242415706312891, -0.0192598679800224, -0.0125087096968901, 
-0.0072188833655161, -0.000914955557964945, 0.00650706316028341, 
0.0141929085445817, 0.0210966900990274, 0.0248986633423963, 0.0301140135188072, 
0.0339535628795737, 0.0367422280350283, 0.0417790945745622, 0.0466004056264025, 
0.0498520390679179, 0.0511811901582228, 0.0569535587060768, 0.0615433250936098, 
0.0681971720247542, 0.074698314211387, 0.079881473164608, 0.0777278945296244, 
0.0754806965495795, 0.0732262794231358, 0.0746385847122912, 0.0791765009415094, 
0.0840175233525571, 0.0916368730282823, 0.0953843192098639, 0.0976745901451252, 
0.0991431476563779, 0.0983222800986115, 0.0988530191264479, 0.09937516160264, 
0.10277631071673, 0.381427163825378, 0.371930642868948, 0.371715606495203, 
0.19544737493998, 0.19123169989431, 0.146291526275445, 0.14193457592178, 
0.124179182585931, 0.128963446468847, 0.124268685853277, -0.0331170072571407, 
-0.00195209137398967, -0.0118043115481049, 0.0183275083279775, 
0.00976934390988695, 0.00519287894800827, -0.000448847340381637, 
-0.00732807469870639, -0.0154415034187835, -0.0178879436635928, 
-0.0208132472756329, -0.0226391693045601, -0.0222827058996841, 
-0.0309107279529643, -0.0422537980974377, -0.045543160459802, 
-0.0445766703214942, -0.0479928344040936, -0.0489350582440597, 
-0.0495736028972656, -0.0511256751856885, -0.0513482767160282, 
-0.0512073259593075, -0.0517940835805902, -0.0558446224538516, 
-0.0580964826468157, -0.060421443659414, -0.0614384967596847, 
-0.0613427656574637, -0.061471623472942, -0.0622977499306073, 
-0.0633245243499138, -0.0642564142327066, -0.0638011140873639, 
-0.0634123929413795, -0.0628790459469665, -0.0616416260770176, 
-0.0607986345713967, -0.0601955872293084, -0.0615048523613701, 
-0.0598595067630515, -0.0565938296981244, -0.0526409943775751, 
-0.0488273698615233, -0.045038838165553, -0.0448488728143572, 
-0.0442834584453733, -0.0435315962901016, -0.0440143884369168, 
-0.0378637767515138, -0.0338585033359741, -0.0316760598034944, 
-0.031503247419316, -0.0184034975139925, -0.0131922645113568, 
-0.0101156937418169, -0.00786695871568545, -0.00592719431952851, 
0.000282247985212503, 0.0081009976119649, 0.0149149766388863, 
0.019706430574166, 0.0280652538175633, -0.0218187242822263, -0.00793101579566965, 
-0.0333245333717372, 0.0354801711397967, -0.0573083137752589, 
0.0267492022545748, -0.0407602470134624, 0.00327388169704404, 
-0.0064710225616381, -0.0162218586379851, 0.00319233361811944, 
0.0901449186459382, -0.0882835331159765, -0.100640604018336, 
-0.103205796157888, -0.103204938211917, -0.101818958697895, -0.100124038843165, 
-0.0975129606802494, -0.0935277130523832, -0.0904952534237751, 
-0.0862642219375936, -0.0798431574768742, -0.0686058324078408, 
-0.0683022013726553, -0.0746799617859876, -0.0725867147275485, 
-0.0695808500920838, -0.0665155644475014, -0.0606701249163718, 
-0.0540222837249699, -0.0521428012213899, -0.0467787261531242, 
-0.0400728137528832, -0.0332732949733999, -0.0300354468426225, 
-0.0259066715716844, -0.0231046155167646, -0.0196116056952973, 
-0.0144231799220618, -0.00895566776124674, -0.00363680135228033, 
0.000500735039458371, 0.00550648774795008, 0.0111905700805618, 
0.0161796777699733, 0.0210780521720566, 0.0261338429682173, 0.0313414022116226, 
0.0365976008045291, 0.0373634518082629, 0.0402941282934569, 0.0443669726721281, 
0.0489721613728834, 0.0552040156350973, 0.0616347384526055, 0.0638471149410059, 
0.0710291025380276, 0.072866871816992, 0.0741693061980626, 0.0788948869660649, 
0.081203811574928, 0.0740390886592315, 0.0777752010240447, 0.0866973560247554, 
0.0905624396279119, 0.0948711993513788, 0.0998680933518241, 0.101731799794765, 
0.101799720261142, 0.100490303039941, 0.100563830814062, 0.096047578923332, 
0.352430919642502, 0.338039574548092, 0.336016566977375, 0.215990323505573, 
0.211166557331681, 0.155843925056247, 0.152321848580605, 0.131942059208144, 
0.135262519446026, 0.131820579581015, -0.0376116009144756, 0.0231957419861982, 
0.0149529261838991, 0.0170440094373164, 0.015722321533319, 0.00848434154378122, 
0.00376492965506736, -0.000247435974574891, -0.00366972775158314, 
-0.00980603125933989, -0.0156861730488055, -0.0182981348755926, 
-0.0223358748939468, -0.0306706836078374, -0.0380474326531758, 
-0.0408746718880325, -0.0511416393357914, -0.0520637789565654, 
-0.0495870777631116, -0.0474118631900914, -0.0540025185208642, 
-0.0566565624935341, -0.0600430247449872, -0.0629499959504621, 
-0.0658693044727895, -0.0688588995233387, -0.0700315881228076, 
-0.0666776341294048, -0.0639730591360608, -0.0637950525280988, 
-0.0636497540644266, -0.0636416028534856, -0.0635018642317085, 
-0.063219054332332, -0.0629276846523499, -0.0626359821240187, 
-0.0623563062052834, -0.0624487478852606, -0.0676866402393123, 
-0.067921920417306, -0.0662890149559167, -0.0627997863855149, 
-0.0595512581484579, -0.0559111137892977, -0.0522796970339945, 
-0.0493621655424998, -0.0445383462663083, -0.0367228909762854, 
-0.0439996068751671, -0.0441597258759051, -0.0362717316746182, 
-0.0294338094393177, -0.0246661284774065, -0.0176510591012136, 
-0.0125372142172025, -0.00722296214797371, -0.00126340439159104, 
0.00337712470055578, 0.0072533216626779, 0.0119994513457593, 
0.016806115362012, 0.025166987957078, 0.0263570927945018, -0.019907765746625, 
-0.000446142429948795, -0.0401164430354395, 0.0433902598375934, 
-0.0681641461198039, 0.0336779676615826, -0.0523780211594943, 
0.00339707713297719, -0.00548940333547238, -0.0160615503489847, 
0.000432458103524815, 0.0968015286751525, -0.0988189540818079, 
-0.105337895032404, -0.101819502001685, -0.0992637595858655, 
-0.0977661239758221, -0.0952918948241855, -0.0911275346244375, 
-0.087227740942418, -0.0861982403472406, -0.0847655387803277, 
-0.0793172471594449, -0.0758279918011323, -0.0773388229985149, 
-0.0822254379640055, -0.0780864639088693, -0.0705955795226704, 
-0.0694706278340904, -0.0608475123148159, -0.0576218950451597, 
-0.0547347229676507, -0.051226820574831, -0.0469672604433337, 
-0.0423834615309463, -0.0374057262777372, -0.0313491494006877, 
-0.0289320301090352, -0.0229557514960921, -0.0167218363358486, 
-0.0111959687309712, -0.00555589746063958, 5.04221015998287e-05, 
0.00571867291186271, 0.0114173624111635, 0.0171188258744144, 
0.022806877935304, 0.0309808824650044, 0.0328110447051222, 0.0381161707202127, 
0.0438791735444508, 0.0486043587219219, 0.0531526636853258, 0.0570057185745357, 
0.0603720431502695, 0.0630469170046119, 0.0644190200698207, 0.0720960887862716, 
0.0752802877595913, 0.0810757446277598, 0.0893991823876543, 0.0843095405143461, 
0.0815014169108938, 0.083985578927303, 0.086141623182457, 0.0877933457061234, 
0.0902942660738253, 0.0939070776463648, 0.0965518419613394, 0.0982424006625864, 
0.0984999367637, 0.100774791014655, 0.103888292037117, 0.368642816020973, 
0.363237385877576, 0.363537647305971, 0.211664875255212, 0.208768029713946, 
0.166740606604227, 0.163100930358003, 0.131440387384459, 0.137368302197544, 
0.131562031680945, -0.039516531988216, 0.0106504684857077, 0.0026798564470646, 
0.0255729105459317, 0.0110583494830598, 0.00710081851153952, 
0.000743037671072505, -0.00297636940579714, -0.00492211589696769, 
-0.012372636840794, -0.0188697923304342, -0.021560603186572, 
-0.0209262712420245, -0.0232944117612763, -0.0370055971503026, 
-0.0459552281365434, -0.0471740170142791, -0.0490472178722079, 
-0.0535055390351302, -0.0533721725014824, -0.0529843515105437, 
-0.0563416573737043, -0.0581025628537169, -0.0633952761239641, 
-0.0656556983545493, -0.0665449845085822, -0.067841147085479, 
-0.0694266802301732, -0.070504937070856, -0.0705794286973493, 
-0.0700365872550846, -0.0703742481332921, -0.0700233755003122, 
-0.0691867256047507, -0.068663523469511, -0.068488819606227, 
-0.0676873072529878, -0.0664583945027739, -0.0666133662314703, 
-0.0648760062599347, -0.0627626680768316, -0.0600328903985263, 
-0.0568599207744654, -0.0531073789249014, -0.0523235585397344, 
-0.0535374865462571, -0.0481163645655026, -0.0445374645971946, 
-0.0421453579243797, -0.0441080711763715, -0.0372885778493014, 
-0.0280479659078158, -0.0195717795386352, -0.0137019812981689, 
-0.00881291803881205, -0.00676491516530737, -0.00409018059066838, 
-0.000175822046247737, 0.00161859995067884, 0.0133801311193782, 
0.0165343429743832, 0.0196639345456507, 0.035203421813087, -0.0205562583017527, 
-0.0100913339104147, -0.0302164792117652, 0.020926457661609, 
-0.0432188687844684, 0.0279608782740887, -0.046513340746644, 
0.0028439897288532, -0.00648138695968614, -0.0156202407525964, 
0.00180987967815178, 0.082824775871246, -0.0830491424730962, 
-0.096023274210356, -0.0901712238765411, -0.0903674848447, -0.0880496989048444, 
-0.0883666173733093, -0.087102924737878, -0.0817707179580974, 
-0.0824260124175855, -0.0836353810377319, -0.0809812996745761, 
-0.0734241281287174, -0.0643073672906113, -0.0686204630833025, 
-0.073155063440014, -0.0666401344175347, -0.0655075436409995, 
-0.0632425105946012, -0.0572279659562382, -0.0532421806156666, 
-0.047975388672385, -0.0427957100332819, -0.040853113941591, 
-0.0354026255305598, -0.0301118007838545, -0.0253738928250626, 
-0.0209163193739255, -0.0159307161202635, -0.0109066386815192, 
-0.00506543069772024, 0.000338006463380872, 0.00597021622089819, 
0.011744165141332, 0.0172213387063735, 0.0224329733739705, 0.0279431812747619, 
0.0324664937799024, 0.0364134031196791, 0.040914939490074, 0.0450186236317212, 
0.0494755914374919, 0.0548760603179229, 0.0610845769940066, 0.0634375927870208, 
0.0661787443876331, 0.0709717121522246, 0.076162419275421, 0.0765988000369648, 
0.0691991301481391, 0.0683578194841019, 0.0735347852378267, 0.0771213366756153, 
0.0829098791610464, 0.085901462750715, 0.0883874546526681, 0.0897907595641793, 
0.0857370477989603, 0.0865203785479818, 0.0945768094967499, 0.093136093787135, 
0.0945529028940453, 0.369591680590846, 0.363263608936024, 0.36234662523944, 
0.205285575301083, 0.19954628460467, 0.159829271093046, 0.15609086118537, 
0.129161374866562, 0.135625166330874, 0.129830306334763, -0.0365970075742534, 
0.0184159496986782, 0.00883649227814845, 0.0236667008282934, 
0.013258285069695, 0.0114191750595412, 0.00368766712847902, 0.000604963273981523, 
-0.00364982230100339, -0.00900685287387552, -0.0167062773564712, 
-0.021805882890661, -0.0221405176716299, -0.0234031043351253, 
-0.030781789990922, -0.0394157260395075, -0.048044042867026, 
-0.0519005164724937, -0.0536898517672959, -0.0582903294689818, 
-0.0590745256516748, -0.0566318234568352, -0.0567858097195197, 
-0.060585166515798, -0.0638384694857903, -0.0664348987356031, 
-0.0687385029812606, -0.0702395672272897, -0.0700252461793136, 
-0.0694965670674434, -0.0685437213156001, -0.0688864855401119, 
-0.0693793014570271, -0.0696986715242266, -0.0690078798119188, 
-0.0678634691093733, -0.0675116881640261, -0.0669435767261949, 
-0.0666543517930794, -0.0666116726538135, -0.0645501836978662, 
-0.0619473661091685, -0.058711957838131, -0.054950449024009, 
-0.053025365728779, -0.0525563068340134, -0.0498471512414898, 
-0.0459943350900777, -0.045572695171818, -0.0423579049986817, 
-0.0340792127061317, -0.0251470154802147, -0.0175885613828098, 
-0.0142150137988582, -0.012565941624907, -0.00734292845057439, 
-0.00326123519544421, 0.00213816665145059, 0.00933874177717573, 
0.0105613729544947, 0.0154867748654061, 0.0220897270223467, 0.0320219700077518, 
-0.0216049034154141, -0.00921827054225019, -0.0337087183103609, 
0.0335239133590247, -0.0559354341482056, 0.0309750933680177, 
-0.048164758924325, 0.00404484092320796, -0.00621343642575296, 
-0.0160215937998281, 0.0024052696627796, 0.0884133537110631, 
-0.0873400531725447, -0.101414007266989, -0.0921452406564921, 
-0.0924626442088895, -0.088761965844537, -0.089054140184893, 
-0.0860527949795204, -0.0832007847241204, -0.0807401783127503, 
-0.0832582761123986, -0.083242746706469, -0.0754756247092221, 
-0.0678993551015964, -0.0642901531692411, -0.0653264557180276, 
-0.0666448237285052, -0.0670516018358969, -0.0658355449247134, 
-0.0591797309165882, -0.0554238689736888, -0.0493371259890444, 
-0.0441109141228376, -0.0400285720230655, -0.0356260982173152, 
-0.0311320412792574, -0.0260785669738502, -0.0212343263613717, 
-0.0166028302010329, -0.0111794496394986, -0.0052983764046588, 
0.000444598297696967, 0.00624274668244795, 0.0117806928508918, 
0.0174433957293125, 0.0227756341128312, 0.0281435384092776, 0.0331032648986132, 
0.0377844547144266, 0.0423480956109368, 0.0467394611583141, 0.0514148082794183, 
0.0559333909773381, 0.0614487884748996, 0.0650954496233349, 0.0701622400990185, 
0.0720974694595397, 0.0720695578678047, 0.070739669924357, 0.0697726309555526, 
0.0720606815475531, 0.0780048023729924, 0.0834166362558753, 0.0837778936266138, 
0.0864865187972455, 0.0860325214224842, 0.0866045318423037, 0.0911417930945954, 
0.0914910339352054, 0.0898357120475677, 0.0900253717945009, 0.0925155521381108
), .Dim = c(73L, 2L, 24L)), ID = 1:24, Binom = structure(c(6L, 
13L, 7L, 8L, 9L, 11L, 1L, 3L, 2L, 4L, 10L, 5L, 20L, 21L, 12L, 
22L, 18L, 14L, 17L, 23L, 24L, 19L, 16L, 15L), .Label = c("Amblysomus_corriae", 
"Amblysomus_hottentotus", "Calcochloris_leucorhinus", "Calcochloris_obtusirostris", 
"Carpitalpa_arendsi", "Chlorotalpa_duthieae", "Chrysochloris_asiatica", 
"Chrysochloris_stuhlmanni", "Chrysospalax_trevelyani", "Chrysospalax_villosus", 
"Cryptochloris_wintoni", "Echinops_telfairi", "Eremitalpa_granti", 
"Geogale_aurita", "Hemicentetes_nigriceps", "Hemicentetes_semispinosus", 
"Limnogale_mergulus", "Micropotamogale_lamottei", "Micropotamogale_ruwenzorii", 
"Oryzorictes_hova", "Oryzorictes_tetradactylus", "Potamogale_velox", 
"Setifer_setosus", "Tenrec_ecaudatus"), class = "factor")), .Names = c("meanshape", 
"ID", "Binom"))
