structure(list(meanshape = structure(c(-0.188169256886191, -0.188883442595129, 
-0.167776667452062, -0.049729296014058, -0.0528004902799931, 
-0.0358900345346754, 0.0639650121727836, 0.0626907849741968, 
0.143396876165013, 0.0860366290960121, 0.143117393950944, 0.141545820587782, 
0.139338442632833, 0.136498881495247, 0.132438429450075, 0.127775178230017, 
0.122760068066805, 0.114988004622929, 0.104150700576028, 0.092749179949837, 
0.0812934097910166, 0.0707846359769019, -0.0567396370894427, 
-0.0725593786489097, -0.0878551684596982, -0.101463401858592, 
-0.115376507409338, -0.130577683702262, -0.14663024300034, -0.161924198816371, 
-0.180186808081877, -0.194590145085383, 0.143551327453495, 0.143505554222384, 
0.141755274668527, 0.138853276776765, 0.134982883760041, 0.13010879003011, 
0.124589682349237, 0.115981758295859, 0.105300169424671, 0.0939168689824971, 
0.0826316841404971, 0.0719866859777909, -0.0600912820339178, 
-0.0756150606710141, -0.0900430073726167, -0.103255943472769, 
-0.116766473480437, -0.131682263429446, -0.147154487402134, -0.162067244591295, 
-0.179445196582336, -0.193420084870006, 0.0211648262637062, -0.0211777253982424, 
0.00113318225405799, 0.0589986599511494, -0.0577906415988817, 
0.00279534764055086, 0.104602027639566, -0.106187876680784, 0.00111488355536004, 
6.5308500285988e-05, 0.00168162059822067, 0.0140186807107025, 
0.0254047791968013, 0.0364792854399137, 0.0470966102023984, 0.0569009974282214, 
0.0663115005030054, 0.0761686135046695, 0.0846051536647267, 0.0912483827077157, 
0.0961202675611857, 0.101305434900376, 0.0564639632136321, 0.0528363693864941, 
0.045916284376216, 0.0370701202449456, 0.0294581444850817, 0.025248577167162, 
0.0250585902829581, 0.0267168563629377, 0.0302868450607786, 0.0180747710208518, 
-0.00325389239180498, -0.0147337663617466, -0.0260335820969857, 
-0.0374390985003793, -0.0480389237348527, -0.057420542918208, 
-0.0671226798238486, -0.0768893928680717, -0.0852485304945987, 
-0.0920403682782243, -0.0968938024351608, -0.102269670489173, 
-0.0561578122879513, -0.0514306537697467, -0.044133945624328, 
-0.0357272183553093, -0.0287624657233193, -0.0248143622174715, 
-0.0246065577447729, -0.0268634552324915, -0.0298668920012304, 
-0.0194422267960873, -0.168913238683356, -0.16193202116563, -0.148268943010176, 
-0.058190441692637, -0.0572252911158861, -0.0294097609128972, 
0.038706704599366, 0.0405520243718805, 0.13991359640562, 0.0788339982608876, 
0.140097310701758, 0.139477637189289, 0.138511656145154, 0.137556885227166, 
0.134426563664609, 0.13055575953635, 0.125872466897703, 0.118485994939494, 
0.107007364891995, 0.0935570467715157, 0.0850024640650269, 0.0768339678899941, 
-0.0626398184188002, -0.078167892589192, -0.0943090714415381, 
-0.105760719496693, -0.117028960507539, -0.130395842467207, -0.145255424035773, 
-0.162964084255591, -0.177939727831186, -0.190682104495174, 0.139875477623208, 
0.140093703295028, 0.139283600150633, 0.137701804483279, 0.135223838726266, 
0.130707858425282, 0.127884542003233, 0.120113830887551, 0.106905141461106, 
0.0922110448651221, 0.0868380045341672, 0.0780239494262183, -0.0652230636028277, 
-0.0803395224649033, -0.0957492862025053, -0.107347794858721, 
-0.117487116712894, -0.130810376468669, -0.146191220228742, -0.161070388034929, 
-0.177079734653484, -0.189872392091954, 0.0197139565473056, -0.0209871268765424, 
0.00144010371020266, 0.0681632200651486, -0.0685056900023338, 
0.00144254586114026, 0.131418012791062, -0.130869749214863, -0.00118051600361805, 
0.00185914696426593, 0.00210542950069009, 0.0142180447126843, 
0.0257843031443363, 0.0372583031861255, 0.0484142430191996, 0.0585458206980803, 
0.0685808978287376, 0.0800549676806907, 0.0907422332313645, 0.0993444442042009, 
0.10150223344613, 0.110024189241775, 0.0658764726010256, 0.0600512361133309, 
0.0510010920464194, 0.0393987767980002, 0.0307423957154627, 0.026197690457317, 
0.0275930244354443, 0.0305161496403829, 0.0239876372060512, 0.0135120306289216, 
-0.00353360614251944, -0.0155018900545858, -0.0266777774372602, 
-0.0381420916069048, -0.0492656497352787, -0.0584705041531801, 
-0.0684725402402231, -0.0816442096054181, -0.0930747258268226, 
-0.100390544381152, -0.10076800299767, -0.110522355182204, -0.0657885734529356, 
-0.0595282604985063, -0.0511419818912609, -0.0397362879760607, 
-0.0301676811304219, -0.0239169542612781, -0.0240040417298029, 
-0.029127793961292, -0.0251329991986344, -0.012937047914727, 
-0.178989616409525, -0.178049218344397, -0.15680347618472, -0.0554177711961153, 
-0.057312965788272, -0.0324787788018526, 0.0540564571865698, 
0.0532211542152849, 0.141929094597748, 0.0850880371646438, 0.141903344609889, 
0.140949588658262, 0.138779443334788, 0.136429492964233, 0.133587901085853, 
0.129156619734355, 0.124330107796501, 0.116667714219112, 0.106426916743113, 
0.093918973039654, 0.0831654884931321, 0.075592255244941, -0.0592954599071074, 
-0.0749390218682902, -0.0892701655893881, -0.102352267884936, 
-0.115907691261207, -0.130969925741191, -0.146876827271475, -0.161812564242293, 
-0.18165530235666, -0.190906016536217, 0.141460812664299, 0.141199310972139, 
0.138415492038387, 0.136274103627825, 0.133410288348784, 0.129058293457557, 
0.124298017594915, 0.117069293124614, 0.107079606155239, 0.094836307917042, 
0.084806752275252, 0.075519701350897, -0.0628693358855192, -0.078057286189078, 
-0.0916825218853031, -0.104350636593125, -0.117341379757226, 
-0.132334345436391, -0.147153574620243, -0.162413582815762, -0.181404888521375, 
-0.187985947527359, 0.0219666786896335, -0.0207467667164997, 
0.000377890675186456, 0.0612172113410192, -0.0603469350309333, 
0.000747675849930802, 0.119439950776605, -0.119499458017788, 
8.97090884657724e-05, -0.00166173582047858, 0.00198085115259986, 
0.0140286504316107, 0.0254308786682195, 0.0370523851087542, 0.0480804014435681, 
0.0580451033172712, 0.0678771950349023, 0.0781537400058332, 0.0880464340676738, 
0.0964717735599314, 0.100176639800194, 0.106332141721424, 0.0602433245615329, 
0.054428867800802, 0.0461984110954035, 0.0370417503573102, 0.0292182757438268, 
0.0241214432992765, 0.0248968139397585, 0.0290219833105078, 0.0302976892073762, 
0.0163591930572086, -0.00325988681086394, -0.0149623141887718, 
-0.0259427615730354, -0.0377265605175305, -0.0484447377999606, 
-0.0579532769070141, -0.0676295259650402, -0.0779777097146396, 
-0.0881714782229406, -0.0964178047889228, -0.100696398631549, 
-0.107743503484033, -0.0588518682710603, -0.052824728187057, 
-0.0443495705718131, -0.0356489737767978, -0.0280891620930156, 
-0.0248397189652025, -0.0261091028721615, -0.0303088959799184, 
-0.0293320137844076, -0.017808174414391, -0.185526601065267, 
-0.184719705181641, -0.168734813542117, -0.0547782052193886, 
-0.0552516620130889, -0.0358516879550605, 0.0643765260932482, 
0.0678060552864055, 0.143937307648461, 0.0826920194583832, 0.14374507603893, 
0.142740214042531, 0.140099106721544, 0.13652606201218, 0.133670371901582, 
0.130278253391281, 0.124802576561494, 0.116029605921605, 0.104750579427023, 
0.0921866317775006, 0.0804528535436516, 0.0718121780945996, -0.0566612076483847, 
-0.0724949306218028, -0.0880836368615089, -0.102378419928002, 
-0.116336376584177, -0.13146882676024, -0.147154979419854, -0.162794981596036, 
-0.18130325915168, -0.192379802521282, 0.144214250441931, 0.142460693074178, 
0.139587228910977, 0.136705351567829, 0.133980152442153, 0.130290838741478, 
0.124824726688875, 0.116317149402925, 0.105728234328541, 0.0927952121912158, 
0.081100742091593, 0.0715783448029987, -0.0596331980307745, -0.0747529013937567, 
-0.089683326811194, -0.10375455545771, -0.117561263837542, -0.13255180947146, 
-0.147715593136466, -0.16288755960862, -0.181151321828217, -0.189877716959846, 
0.0201878558542861, -0.0190507265798536, 0.000468897373587361, 
0.0565162620150644, -0.0553092931288251, -0.000829880284058321, 
0.105057920891258, -0.103693056163325, -0.00161352424561461, 
-0.00231880279758747, 0.00186408205974503, 0.0138349240718203, 
0.0249246887743154, 0.0364470974308684, 0.0477107328935878, 0.0576552123076049, 
0.0675195477227701, 0.0773309695411148, 0.0857942714045656, 0.0924146095221034, 
0.0958776869773084, 0.10060956439322, 0.0562677977921453, 0.0521154405801798, 
0.046243157531256, 0.0380726415514566, 0.0314371017576459, 0.0281686100347549, 
0.0272161077547323, 0.0278810728849896, 0.028695280676212, 0.0158719290091849, 
-0.00293645364112691, -0.0145087014167296, -0.0256572788485981, 
-0.0373736441084332, -0.0482154063199824, -0.0577410622895896, 
-0.0675683966399112, -0.0770595355533773, -0.0863376026645665, 
-0.0929459103041586, -0.0968226492404623, -0.101091133312919, 
-0.0539840262769424, -0.0493221925196698, -0.0436113007755604, 
-0.0367752335327575, -0.0310672937641521, -0.0283364616700282, 
-0.0274976802123509, -0.028669125491245, -0.029399331986448, 
-0.0164477590375045, -0.177612250719732, -0.178972079266076, 
-0.153591975677604, -0.0565380991673423, -0.0610021603103743, 
-0.0247857013452044, 0.0380861739877125, 0.0371078538930558, 
0.150091588835262, 0.115452898076362, 0.149597873542203, 0.147930632254145, 
0.146129987709284, 0.143389839185207, 0.13879736485738, 0.133273817020504, 
0.12269503252219, 0.109496533023994, 0.0987003393256951, 0.0885079007986131, 
0.076594275106124, 0.0634839733455672, -0.0593961779341345, -0.0740616452964103, 
-0.08871333210824, -0.103024560484025, -0.1167870859947, -0.131037335532954, 
-0.146344687150338, -0.162131350525841, -0.17992045958995, -0.190591136705403, 
0.149714029288811, 0.147612091293259, 0.146086565039907, 0.143532070942145, 
0.138716889426365, 0.133027402303872, 0.121657233980636, 0.108338883828159, 
0.0972903415652615, 0.0870388097466157, 0.0754223490814706, 0.0626563688689777, 
-0.0625669395910459, -0.0768810449598691, -0.0909276918081959, 
-0.104489000854854, -0.117779274496136, -0.131991377860267, -0.147179838197767, 
-0.162622525784457, -0.180393077425168, -0.191088310062692, 0.0227569259582929, 
-0.0240163138991017, -0.00107078424190731, 0.0596600981457074, 
-0.0566231129099186, -0.00160128201905937, 0.104213164483931, 
-0.101379959984102, -0.00128194952055611, -0.00135776519093701, 
0.00276389444163742, 0.0148460515207878, 0.0267655264871201, 
0.0390553724541686, 0.0505833135670469, 0.0623441460944943, 0.0733593361656572, 
0.0794567542666789, 0.0839540015337346, 0.0893826483145022, 0.0943464228107576, 
0.0989635252438062, 0.0586273651619179, 0.052430187869251, 0.0461671635064326, 
0.0392391235043892, 0.0327297474227488, 0.0292555237828336, 0.0292605072367089, 
0.0294003577556075, 0.0280370519609671, 0.0158841493722989, -0.00440599134820936, 
-0.0161559836055707, -0.0277699990620238, -0.0401407544701921, 
-0.0515332175941949, -0.0632149416561568, -0.0737478995862361, 
-0.0793618322687844, -0.083223706309548, -0.0878610116545206, 
-0.092277453608757, -0.0964986399481451, -0.0562271280886878, 
-0.0502534694834667, -0.0437310527964579, -0.0368854636043316, 
-0.0319101370506678, -0.0315541615682695, -0.0313791298511299, 
-0.0308953389121371, -0.0294655662832708, -0.0176583125451385, 
-0.173653287179576, -0.172998935197218, -0.15635301498619, -0.0550819973572901, 
-0.0583962761784712, -0.0454462243436054, 0.0442384973461026, 
0.0476214935256202, 0.141167376740168, 0.095801700595355, 0.141175763953691, 
0.14096798131408, 0.140800363650093, 0.13935680718342, 0.136141247950176, 
0.131289331594809, 0.125644498094707, 0.117726334142798, 0.106931806463783, 
0.0938306088110188, 0.079079889125282, 0.0667861794566857, -0.0591615488071705, 
-0.0751186984611499, -0.0901763481620366, -0.102912064244428, 
-0.115578880045841, -0.129665577504141, -0.145097071960564, -0.15999647072711, 
-0.179537116128061, -0.192229157579667, 0.141371548549115, 0.14132926174915, 
0.141387495902312, 0.140299081853197, 0.136369978836073, 0.131955060957339, 
0.125645269490528, 0.118144212672239, 0.107864788584127, 0.092846614459357, 
0.0775594336388722, 0.0677997714100683, -0.0635177609659077, 
-0.0779389066351686, -0.092444520600643, -0.104845801633772, 
-0.117010861414164, -0.130831078932657, -0.145131966948077, -0.161384916606861, 
-0.178682122868179, -0.187941792582216, 0.0246945434259946, -0.0214238211352985, 
0.000234789183258911, 0.0636216133093547, -0.0627040360118871, 
-0.00193074096520341, 0.11250208647169, -0.112241669020308, -0.000757523473976149, 
-0.00133642951278811, 0.00227067122342464, 0.0144921429318606, 
0.0261131481597927, 0.0376778164598131, 0.0490131700625191, 0.0592849179270197, 
0.069073787428083, 0.0796683495524665, 0.0893154031919486, 0.0983604647292386, 
0.102936226316795, 0.106880370348029, 0.062191096295841, 0.0567930278137225, 
0.048624570872503, 0.0389837295273341, 0.0308306072613237, 0.0253544824310419, 
0.0255132549796941, 0.0299317716952713, 0.030374401532224, 0.0149058593751297, 
-0.00327821057896675, -0.0152160248290584, -0.026739798680959, 
-0.0383646936350198, -0.0493891040492953, -0.0595319868202536, 
-0.0693058300838555, -0.079037553916189, -0.0900019883351179, 
-0.0991007979249948, -0.102906912770733, -0.105011953648497, 
-0.0612527490920012, -0.0547505721804833, -0.047395969535391, 
-0.0379776838063519, -0.0303642766982405, -0.0258341222800064, 
-0.0275897105678673, -0.0310269971094161, -0.0280284938286954, 
-0.0171426520145177, -0.181477955828663, -0.183689834546376, 
-0.164226273463267, -0.0560949190328993, -0.0626199468963388, 
-0.0443645609595008, 0.0566243256842363, 0.0608084459021397, 
0.144036743603693, 0.101661766599792, 0.144182779199913, 0.14339010958572, 
0.143400245114256, 0.140359769995, 0.13648419199278, 0.129828162087452, 
0.124259558739368, 0.114581829965786, 0.102796654773276, 0.089869811080345, 
0.0771943505571933, 0.0664134486824507, -0.0596292850499953, 
-0.0723159413937474, -0.086252845726541, -0.100665580908609, 
-0.11524719366766, -0.13035427384239, -0.145895619948299, -0.161191604511928, 
-0.180587907272994, -0.193407237766452, 0.144627049491785, 0.14430786838739, 
0.144409900704418, 0.14196939612232, 0.137046357947961, 0.131352907770395, 
0.124601677298272, 0.115035246101422, 0.10349480368982, 0.090305966657275, 
0.0778333878203514, 0.0669654656183406, -0.060468392928322, -0.0751104763263773, 
-0.089678242052904, -0.103929205919233, -0.117419301136287, -0.131615350810601, 
-0.146396256251133, -0.161270211737204, -0.180101745144349, -0.193832058051079, 
0.0235096397153551, -0.0239382387608733, 0.000682399788289113, 
0.061169491499991, -0.0547807073485037, 0.000812505943011766, 
0.100616852178925, -0.0989606636526053, -0.000812596245117484, 
0.000636806526575681, 0.00214963184590434, 0.0145320929612911, 
0.0262457913953066, 0.0375781069198554, 0.0487423248746405, 0.0579658603319663, 
0.0679008697179955, 0.077249461728643, 0.0852036992352686, 0.0903634076961997, 
0.0936772483257064, 0.0961803929925157, 0.0599678993768746, 0.0508824706124555, 
0.0435294396282066, 0.0366628666181274, 0.0307863759398351, 0.0269425987914462, 
0.0267442287709037, 0.0301968895969516, 0.0301969741955798, 0.016284035981462, 
-0.00342618710731492, -0.0154309361835943, -0.0270184317354408, 
-0.0386498639482472, -0.0493783432725183, -0.0588986478241887, 
-0.0685516579237476, -0.0778353676550623, -0.0856281783936692, 
-0.0919173250804803, -0.0939225799355601, -0.0983514996931073, 
-0.0555522160715715, -0.0500714313449894, -0.0441462606449206, 
-0.0375469484928282, -0.0307344691407816, -0.0263258115677899, 
-0.0265122836630534, -0.0307293437800856, -0.0301759591425731, 
-0.0181144145806588, -0.179253256565088, -0.179308508009097, 
-0.160356365513421, -0.0528416917652583, -0.0569742226805395, 
-0.0325575656462954, 0.0558313749637101, 0.0576656031211031, 
0.141726881533235, 0.0937078162773218, 0.141939575454526, 0.140652345346531, 
0.137220174007128, 0.134013132691182, 0.131683450361478, 0.128718509668024, 
0.123523185206399, 0.116685877774113, 0.107105835477844, 0.0945837152921826, 
0.0813574693046922, 0.0722876113429618, -0.0589822925325843, 
-0.0731209569103084, -0.0880374293497278, -0.102195143401514, 
-0.11594208823025, -0.130580229583874, -0.1450580048106, -0.161180814179438, 
-0.182928163430356, -0.190787767954285, 0.141570563917559, 0.140931610229104, 
0.138296244310026, 0.134288087237959, 0.131574768782443, 0.128487900040148, 
0.124070303689523, 0.117860003866601, 0.108749795087588, 0.095810741783768, 
0.0829447541089046, 0.0748552695045966, -0.0625103769809307, 
-0.0780653298079639, -0.0928420233982882, -0.106183141424111, 
-0.118340938644039, -0.131592925416666, -0.146059045994535, -0.160660624008252, 
-0.180657684400771, -0.191126009742459, 0.0250378690155024, -0.0249761180629918, 
0.000669095020443407, 0.0623870928315345, -0.0637301288443736, 
0.00561757789202008, 0.112735326224541, -0.115052375095018, 0.00093870827470918, 
0.00385266451146118, 0.00177719062232809, 0.013314786775862, 
0.0242022054488017, 0.0362046571032332, 0.0472963292133208, 0.0572069455027167, 
0.0666876579471845, 0.0765498017432136, 0.0864053679079069, 0.0957092211839881, 
0.100010918384571, 0.10501247928964, 0.0599284147513933, 0.0527267137148198, 
0.0466369572998636, 0.0394806771281778, 0.0335817999705282, 0.0310837118156326, 
0.0307417764419243, 0.0343541831214517, 0.0316015778551402, 0.0153199695159498, 
-0.00312828391685308, -0.0147037123633212, -0.0251959491114306, 
-0.0365269928309353, -0.0475582171713223, -0.0570125019104558, 
-0.066541948452201, -0.0767126518696477, -0.0872970132940561, 
-0.0969293184222286, -0.10122739956789, -0.106179469318438, -0.0620756046739908, 
-0.0566484526113069, -0.0490195722092208, -0.0404498558679249, 
-0.0323913730892095, -0.0278062050424414, -0.0270975417043516, 
-0.0308190836483515, -0.0316326136139898, -0.0163592938159088, 
-0.185910227908147, -0.185097900195321, -0.16108660344801, -0.0611285152288826, 
-0.0642465880920626, -0.0319478045381517, 0.0645807490137281, 
0.066530788010162, 0.142627763691235, 0.0961150959920287, 0.142718174903364, 
0.142658221182449, 0.142972111618587, 0.141008613446919, 0.136810356114989, 
0.130832217023319, 0.123291807462126, 0.113948911614105, 0.102392153954059, 
0.0904837029910442, 0.0797548446605734, 0.0703103690756019, -0.0576866863978586, 
-0.0730766025376378, -0.0878255814488181, -0.101631763902949, 
-0.116049072912501, -0.13156117392292, -0.147501325736, -0.163186982227739, 
-0.181297112240417, -0.193773152366399, 0.142545707350434, 0.142199902252738, 
0.142729996942528, 0.140957902952315, 0.136842401015744, 0.130907427344451, 
0.123671091973891, 0.113965989103314, 0.102460429657348, 0.0908753940053379, 
0.0808247072795302, 0.0716756901588385, -0.060368665358476, -0.0757208820610539, 
-0.0897861349725519, -0.103412582877073, -0.1174756204739, -0.132784765267519, 
-0.148057617094081, -0.163582513089394, -0.180800710074259, -0.191695936418639, 
0.0199647379607629, -0.0199545969540801, -0.00078333366915408, 
0.0559921299526563, -0.0530010629589191, -0.000804968401725644, 
0.101042259322709, -0.101054101259493, -0.000520480362694262, 
-0.00134716212632994, 0.00242911500022998, 0.0147398550508424, 
0.026411178745603, 0.0377496236238035, 0.0487222333280524, 0.0585189904258254, 
0.0675148049456359, 0.0762650805622011, 0.083499531975129, 0.0888974489021518, 
0.0927781525674333, 0.0985598673148371, 0.0576305578783415, 0.0517984795440841, 
0.0447294216414886, 0.036259271496211, 0.0294753231580893, 0.0262280486347716, 
0.0260097800843487, 0.0280034276875519, 0.0280175335572303, 0.0161762403015804, 
-0.00327531087614104, -0.0157336797250681, -0.0272642456811606, 
-0.0384824323027979, -0.0492276488805101, -0.0586755327725902, 
-0.0679425720402275, -0.0766804586693236, -0.0837089308611479, 
-0.0891523195529579, -0.0928971593518359, -0.0992886611455482, 
-0.0548539516805433, -0.0500018184457463, -0.042654909439863, 
-0.0348699601183349, -0.0286543419956712, -0.0267774220064673, 
-0.0267029103050096, -0.0285296408763541, -0.0275768494738518, 
-0.0169966317280242, -0.178577198899567, -0.177877422581023, 
-0.158303159465298, -0.0565574503319518, -0.0601253589262813, 
-0.0229325031267232, 0.0595886618900354, 0.0618143534664485, 
0.140027391707984, 0.0950224596054065, 0.139966055653449, 0.13934809751941, 
0.136781256230151, 0.134735287874126, 0.131207787558486, 0.127168388447298, 
0.123207705042265, 0.115713972334746, 0.107088325534578, 0.0969754948078339, 
0.0850259090488473, 0.0744122729080534, -0.0611308940335171, 
-0.0760479706380317, -0.0905896471492634, -0.103743304041587, 
-0.116229396401749, -0.130656996363698, -0.145656053793619, -0.161290149829217, 
-0.183353170805923, -0.190755511085162, 0.140477458637368, 0.139860649899702, 
0.137018094206055, 0.134454474021455, 0.131584978569013, 0.128471262869051, 
0.123621982833661, 0.116435856098868, 0.107569598754304, 0.096735999240426, 
0.0837040997150319, 0.0752558503845821, -0.0638792479850874, 
-0.0789886989311097, -0.0926252284026196, -0.105218797865624, 
-0.117724012802051, -0.131919080948388, -0.146316564288401, -0.161449873891755, 
-0.182518216176079, -0.188807816094907, 0.0248126109502239, -0.0252921338113855, 
0.000524013355160454, 0.0663163418162448, -0.0635787962247109, 
-0.000423770380185772, 0.11473894370517, -0.114146669595582, 
-0.000984231391485714, -0.00119434514693709, 0.00194058010144748, 
0.0135398706484773, 0.0248022423796858, 0.0363362980578365, 0.046669270092744, 
0.0566559889552914, 0.0662854676575916, 0.0759459505502857, 0.085058412244611, 
0.0940884769620456, 0.10088515110575, 0.107161929727381, 0.064399337222929, 
0.0574180355394743, 0.0492091771891082, 0.0397721100964613, 0.0312968143761127, 
0.0275762440763738, 0.028905863040073, 0.0322735174131601, 0.0325382197474114, 
0.0162142813621521, -0.00334616429121117, -0.0144443589238423, 
-0.0252703121838348, -0.0368641059967366, -0.0476213414003967, 
-0.0570928949475759, -0.0665227075950018, -0.076460505649742, 
-0.0854788637434971, -0.0951018665332008, -0.101010898192171, 
-0.105519001008417, -0.0630962156383462, -0.0558864079320938, 
-0.0473929855763165, -0.0386233884495744, -0.0312359778379497, 
-0.0279377689645523, -0.0288072913897107, -0.0328101596866538, 
-0.0318120779378377, -0.0174099079442528, -0.188419534207314, 
-0.189114255150346, -0.169329342963038, -0.0517669230595627, 
-0.0562687674672952, -0.0276060533725053, 0.0527716992831653, 
0.0531757024573467, 0.146920932301617, 0.100914426313863, 0.146808576791097, 
0.146839633847281, 0.145606709394222, 0.144785929516161, 0.138964045050931, 
0.130845669759365, 0.120591211183027, 0.108642398174818, 0.0982656715563514, 
0.0907579056485263, 0.0802101109946365, 0.0655570264026582, -0.0567078096773203, 
-0.0728005591606537, -0.0869570724403416, -0.1007818336682, -0.115742099066487, 
-0.131372747659501, -0.14736481654521, -0.163093437838403, -0.179390757081826, 
-0.193257479456759, 0.147669911999309, 0.147310353068096, 0.145352719878602, 
0.144242832496612, 0.138314610021466, 0.131290018322239, 0.120366212892999, 
0.108819305585565, 0.0979664005342831, 0.091617577310431, 0.0815933425014158, 
0.0667847499919384, -0.0607195188689914, -0.0759353236701233, 
-0.0899807132755439, -0.103507192882345, -0.117409541224524, 
-0.132531015491579, -0.147913217439841, -0.16328911024678, -0.178639737449419, 
-0.193086823914113, 0.0189804333480412, -0.018584994969199, 0.00238667242991331, 
0.0547252387388821, -0.0552358195823932, 0.000443551835150099, 
0.100989192743392, -0.102062623112033, 0.000611337915873022, 
1.91777610451492e-05, 0.00237639301119857, 0.0147232901506035, 
0.0266726372689189, 0.039139568075, 0.0510702801027218, 0.0607036398402854, 
0.0687134249599557, 0.0728810035560785, 0.0776469677878945, 0.0846545952942417, 
0.0932606921554797, 0.099199970702629, 0.0533180516922755, 0.0506589361572606, 
0.042509407223356, 0.0342567871391082, 0.0285279117480013, 0.025565167495254, 
0.0245774795421032, 0.0242497686363253, 0.0251232348071822, 0.0168739336091782, 
-0.00332418469821122, -0.0155069217045195, -0.0272080660649922, 
-0.0395675406554371, -0.0507418887083619, -0.0609659801751283, 
-0.0682871404580495, -0.0736387332684783, -0.077107542516859, 
-0.0840291816062283, -0.0932025095476018, -0.0998698500076075, 
-0.0545908138436767, -0.049670117166904, -0.0423943753889749, 
-0.0347378556718445, -0.028336996496214, -0.0252978507546874, 
-0.0236551629331852, -0.0234479325461346, -0.0243408656376378, 
-0.0190537982129904, -0.196044668331367, -0.18317141806741, -0.160093132041346, 
-0.0527409501466424, -0.0543262596804331, -0.0146213515407233, 
0.0603317361634817, 0.0625824449741421, 0.139384458558324, 0.089687252429862, 
0.141182829912952, 0.141212093585981, 0.141745146260375, 0.140378140071178, 
0.137141080380155, 0.130914334899955, 0.125039432471963, 0.116576379239111, 
0.103612072565021, 0.0906800342722273, 0.0792232572330212, 0.0681021060378052, 
-0.0577959357944383, -0.0744493445879724, -0.0894906033925787, 
-0.10295181292295, -0.116654363198861, -0.131295972797751, -0.146991353833584, 
-0.162065385297885, -0.180406013521481, -0.196034695457724, 0.139453645550499, 
0.139833038112835, 0.140738951569053, 0.139317321061621, 0.136487807781108, 
0.131155286934413, 0.124898710080057, 0.116779311847146, 0.104891262692689, 
0.0913183002343567, 0.0790907315602113, 0.0680903956960423, -0.0598673043051411, 
-0.0753771007750093, -0.0899437999401583, -0.102723780379967, 
-0.116502210314376, -0.131957178694135, -0.147564018470088, -0.162437319581529, 
-0.179953530124711, -0.194388058977322, 0.0177279095567253, -0.0247530137099375, 
-0.000575677054090618, 0.0616437664941071, -0.056540258672267, 
-0.000714596377686477, 0.101653440079711, -0.100707262608845, 
-0.00213505459302049, -0.00267889538099854, 0.00305612716962109, 
0.0146940395621922, 0.0262752781791549, 0.0375174151872049, 0.0486377147451675, 
0.0582182101726729, 0.0676126390618973, 0.0782236201258617, 0.0864796297519151, 
0.0912495276243838, 0.0947281397177631, 0.0991272005596062, 0.0596220774490166, 
0.0557690618024051, 0.0470961518360493, 0.0384383599420107, 0.0310945586912556, 
0.0261409167461349, 0.0242956666024992, 0.0275119803721446, 0.0295127461449026, 
0.0196873703873019, -0.00395326665705643, -0.016291170901987, 
-0.0274235459891791, -0.0383989610241419, -0.049137176031499, 
-0.0586484660446406, -0.0679475175693966, -0.078040437533664, 
-0.0870056454656949, -0.0928529911957216, -0.0955328301430139, 
-0.0996354218591489, -0.0562134176173434, -0.0514451888611177, 
-0.0444086212664045, -0.035378260511651, -0.0282594182963118, 
-0.0253486390671436, -0.0246668346165392, -0.0268695266220786, 
-0.0315049414783408, -0.0189465108127848, -0.215714340309102, 
-0.215617250856281, -0.184801620498588, -0.0480732852257329, 
-0.0495641428585667, -0.0366725151884824, 0.0798019224340217, 
0.0780691791007225, 0.154001122153841, 0.128106548490517, 0.154114701803462, 
0.15229781768202, 0.15040299536631, 0.145742470391178, 0.138466624997184, 
0.131515135579316, 0.12167066172716, 0.107594134744795, 0.0969354488693589, 
0.0883269085657443, 0.0760614758304348, 0.0594730517040915, -0.0526732819626796, 
-0.0677991039217958, -0.0838028928022013, -0.0999561379409401, 
-0.116691682382245, -0.134501366455252, -0.151721534071786, -0.16871855567199, 
-0.184889529512614, -0.198900973232626, 0.154138971711185, 0.152214132330262, 
0.150544518442744, 0.146318345818645, 0.139634207080558, 0.132298907021801, 
0.121262553836494, 0.107101998653103, 0.0960652248330475, 0.0868833206521596, 
0.0752144736317957, 0.0608796402425924, -0.0560376506109427, 
-0.0711190783395985, -0.0865299811720833, -0.102462201887855, 
-0.118892677501092, -0.136065660805888, -0.15256041835572, -0.168917164431812, 
-0.18446480532352, -0.197988642375151, 0.0073670588038589, -0.00861466109083618, 
-0.000673395478475503, 0.0392883041088267, -0.0372154959366221, 
-0.00178137066841583, 0.0701046687599365, -0.0676773790640239, 
-0.0012568574319443, -0.00172333186900957, 0.00173664209389894, 
0.014378817849141, 0.0264903408402282, 0.0368510375200398, 0.045856584757965, 
0.0516432282763289, 0.0545800375669342, 0.0598447086522985, 0.0684439857924854, 
0.0721968599148578, 0.0747537133396231, 0.0828688947408485, 0.0388207871833125, 
0.0340104694110023, 0.0284931057558817, 0.0236105654276996, 0.0185894498542201, 
0.0164001056829333, 0.015640665588764, 0.0150450020606096, 0.0161039324962822, 
0.0149243854494897, -0.00355034113301207, -0.0159808491619788, 
-0.0278187610120725, -0.0391174623027012, -0.0467564808657332, 
-0.0509438726654791, -0.0536270773098682, -0.0587409153524814, 
-0.066700209232174, -0.0706742704916219, -0.0743667285866613, 
-0.0831054191393081, -0.035828997646214, -0.0318970620918346, 
-0.0270266327406595, -0.0226084774353399, -0.0185444415232235, 
-0.017060315101704, -0.0165416160577226, -0.0162743562158821, 
-0.0167061650077748, -0.0152304093146918, -0.19464377961381, 
-0.194299563200466, -0.174290566806744, -0.0594504591228721, 
-0.062170701401462, -0.0444577454125176, 0.0502586019984278, 
0.0488466104665081, 0.163783142257384, 0.125007816269746, 0.163258205349323, 
0.160211621016721, 0.155012159508985, 0.150224938873297, 0.140728931310977, 
0.129075586413047, 0.118096162819553, 0.106912014389102, 0.0955825993848017, 
0.0843668913708084, 0.0729889106507193, 0.0613849300181993, -0.0568584700348079, 
-0.0722082107337304, -0.087188304045814, -0.102077969463285, 
-0.117223657588877, -0.133322916313671, -0.149659914033544, -0.165264863068406, 
-0.180035445486095, -0.193125628496171, 0.162793797458374, 0.158994568532844, 
0.154101083405085, 0.149180381615881, 0.139925799258824, 0.12874938454288, 
0.117638924443293, 0.106341284397168, 0.0952248372721534, 0.0842820947576084, 
0.0728309995450336, 0.0620544872197888, -0.0602499149741259, 
-0.0751017710867922, -0.0897887985899856, -0.104384653631129, 
-0.118988149300258, -0.134694968706296, -0.150302528798297, -0.165592561292036, 
-0.179851058486749, -0.192624164858592, 0.00842545596846017, 
-0.0097014696889581, -0.00118625197246334, 0.0492317700862166, 
-0.0475056474356183, -7.89220112314672e-05, 0.0741192191700482, 
-0.0732603422164412, 0.000249068707415577, -0.000810995750169174, 
0.00492935273548031, 0.0186103914328779, 0.0303566885744842, 
0.0429883607659817, 0.0546431117632328, 0.0588236964469918, 0.061344061351681, 
0.0660238005095377, 0.0692764150898543, 0.0716682352075758, 0.0731733363166674, 
0.0735489123055439, 0.0504715156856549, 0.0456664138879603, 0.0398720916439209, 
0.0331776934985638, 0.0270085076612045, 0.0235172352791153, 0.0223975953205514, 
0.0198652008713032, 0.017051940333737, 0.0117471422493572, -0.00664840340546354, 
-0.0196621670443543, -0.0308886681414665, -0.0432798112923886, 
-0.0541097954528955, -0.0584726403541289, -0.0609492296379212, 
-0.065593782918229, -0.0694690076897537, -0.0718350972222957, 
-0.0734006096079101, -0.0742296424173031, -0.0486617314098694, 
-0.0440237099170808, -0.0384959256463415, -0.032482662091966, 
-0.026603585359403, -0.0240127713321989, -0.022434483429159, 
-0.0203322530202841, -0.0176508867699531, -0.0124067196281701, 
-0.194303696559613, -0.194301861191275, -0.171894757388954, -0.0620828509725307, 
-0.0622582709451424, -0.0296216783584821, 0.0535218448230019, 
0.0477676346666002, 0.158566485168003, 0.123431723239959, 0.158356161622989, 
0.157551155268996, 0.155866750497723, 0.149212655659098, 0.141284589968319, 
0.130699817450235, 0.120974217267673, 0.109015822262091, 0.0968828143580052, 
0.0852595142410873, 0.0734841150827829, 0.0621273017518117, -0.057350019425394, 
-0.0726752097317006, -0.087784150166475, -0.102402629837561, 
-0.116623341197131, -0.133110213383081, -0.149812424842992, -0.165501055102714, 
-0.180010325480199, -0.192583017732833, 0.158384260476783, 0.156418188349523, 
0.152570001214667, 0.146909327752871, 0.137676857371406, 0.129108487479164, 
0.118970151698054, 0.107441620450737, 0.0957501793932686, 0.0845325190217854, 
0.0730929425205508, 0.0621240617525126, -0.0602106875613524, 
-0.0751775864264165, -0.0899797428403629, -0.104593442505674, 
-0.118935883991074, -0.134996623835924, -0.150777496001431, -0.166201684328755, 
-0.180598743034115, -0.193193807968514, 0.00723798159077032, 
-0.0103145074669092, -0.00180323584084968, 0.0501306144763198, 
-0.0468276276479594, -0.000744587816587959, 0.0754701847543815, 
-0.0720165133955099, -0.00208099573365233, -0.0022242452155514, 
0.00196329096947112, 0.0148099071799753, 0.0289971711310694, 
0.0418641430492274, 0.0533134437642953, 0.0600190120275768, 0.067322166069197, 
0.0721859424965068, 0.0747686538434432, 0.0759290171589441, 0.0764094341133235, 
0.0761453945849122, 0.0517343185370178, 0.0463511413270647, 0.0404997439008213, 
0.0338321511915787, 0.0254937935968147, 0.0208232138369665, 0.0200624840843577, 
0.0185518250161997, 0.0160247356408009, 0.0108338422232638, -0.00549128631376247, 
-0.018576143990193, -0.0309800374631814, -0.0434663258883596, 
-0.052356868168573, -0.0599703418491944, -0.0666092887156631, 
-0.0709034388051827, -0.0726064468336561, -0.0736810891790089, 
-0.073702839864227, -0.0735108089863495, -0.047501381706544, 
-0.0428442611593675, -0.0375891000149872, -0.0322903782406473, 
-0.0254136605568058, -0.0225969012258589, -0.0219796338190235, 
-0.0207900751149486, -0.0187428791988105, -0.0131587063529348, 
-0.203700033710931, -0.204077777175969, -0.187894836814727, -0.0470718939814181, 
-0.0479245511309222, -0.0263801357298595, 0.0759306506345752, 
0.0766297901675398, 0.147981306421723, 0.116278288152185, 0.148318319376021, 
0.145828550424184, 0.143344783126321, 0.137674078530415, 0.135208395693515, 
0.132585176723935, 0.12494810068572, 0.112727178705213, 0.100807953962571, 
0.0892208056524941, 0.0768258203241515, 0.0670514941645975, -0.0550670632198651, 
-0.0704463894382701, -0.0857548964568503, -0.10086178799196, 
-0.116837339735827, -0.13330395399549, -0.149701847869332, -0.165771271247492, 
-0.182107349882344, -0.196659695590377, 0.148366662849176, 0.145543534688704, 
0.142426956536582, 0.136759847686286, 0.134318282570662, 0.133003529173537, 
0.12515060136659, 0.112730932611578, 0.100790092195741, 0.0892823499535762, 
0.0776089503675002, 0.0665243420380172, -0.0581434709972842, 
-0.0730979013149208, -0.0880079703342852, -0.102901275264941, 
-0.118538986786167, -0.134607578886605, -0.150144070814339, -0.16631601206538, 
-0.18197972832002, -0.196568956027534, 0.00874022822308119, -0.0089254326380491, 
-0.000558619174398448, 0.0538275116420713, -0.0522224876875089, 
-0.000850444996575354, 0.0779723346534959, -0.0762644060126731, 
-0.000935664789225393, -0.00144763604920251, 0.00117675823033246, 
0.0131499622873502, 0.0241426960885194, 0.0356404004792711, 0.0482024300353187, 
0.0580188831832016, 0.0667989562133377, 0.0701989650787047, 0.0737828196764279, 
0.0769301881874977, 0.0788911312639164, 0.0812688249165844, 0.0517355998342349, 
0.0458710434843816, 0.0398050593574613, 0.0327562008903058, 0.0276229681151154, 
0.0262819157232627, 0.0243441934979532, 0.0200111812837886, 0.0221752164318851, 
0.0167169579023578, -0.00264362727872695, -0.014087377453035, 
-0.0246821911879422, -0.0365069757238319, -0.049258884244397, 
-0.0586762661292002, -0.0679431283179825, -0.0714088883494286, 
-0.0743330462996264, -0.0769772465068101, -0.0779675989693548, 
-0.0777558728449492, -0.0491934676107167, -0.0437706682404704, 
-0.0380448363411961, -0.0315186129601988, -0.0270278058187836, 
-0.0265411775085249, -0.0236198047121118, -0.0201721801551266, 
-0.0241793826696334, -0.018548696010177, -0.18970382380459, -0.189305566477397, 
-0.163637362122544, -0.0601237060206304, -0.0620282887841003, 
-0.0350874804414871, 0.0445027054027943, 0.0454861189646175, 
0.161430280364388, 0.131108495340574, 0.161393732401908, 0.15914571763834, 
0.154735316031339, 0.147812680984707, 0.139883265336897, 0.128651926585617, 
0.118172748048997, 0.10698575043903, 0.095720085085811, 0.0845119380051023, 
0.0726035890336871, 0.0606633895288684, -0.0586794929552181, 
-0.0745890211330436, -0.0899190049695056, -0.104403348584585, 
-0.118324328003972, -0.133586693340677, -0.149612793460218, -0.165122679845813, 
-0.178913130603712, -0.190259309342829, 0.161331891828989, 0.158686283486114, 
0.153940054637538, 0.148287798974975, 0.139916868654033, 0.127925971230178, 
0.117529229520178, 0.10642054290875, 0.0950003539517254, 0.083775672239438, 
0.0723927918824994, 0.0613613243608934, -0.0621875156088627, 
-0.0771692008620798, -0.0919362744458464, -0.106051485745531, 
-0.120015948595657, -0.134870328902275, -0.150224914806899, -0.165190333270192, 
-0.178718230450105, -0.189716260290216, 0.00916423466239299, 
-0.0100775033101922, -0.000965949242005162, 0.0563145740013824, 
-0.055128063157133, -0.00151535191858913, 0.075430573628447, 
-0.0743057532626742, -0.00137347094376583, -0.00216401844566332, 
0.00377800676203871, 0.0175416079586025, 0.0309203735142922, 
0.0423701197373049, 0.0537383261316074, 0.0593557986209437, 0.0640054629003271, 
0.0685001638270298, 0.0726088845303604, 0.0738244907751903, 0.0739803547874531, 
0.0748935291428768, 0.0574149942620246, 0.0526929515108123, 0.0464030675304874, 
0.0389465333378127, 0.0319313714398188, 0.0294521452604169, 0.0271885801565959, 
0.0237435550124017, 0.0190092428567727, 0.0110984236584364, -0.00553294843495835, 
-0.0190675759477486, -0.0313411475388857, -0.0430918348075181, 
-0.0553180847237479, -0.0585865852977248, -0.0631697363333526, 
-0.0671794802405789, -0.0706773967841304, -0.0729441221434027, 
-0.0743220889652715, -0.0749364310950499, -0.0556527280658692, 
-0.050402777939145, -0.0445998219012688, -0.0377200788031391, 
-0.0321980900005486, -0.0295176033242883, -0.0270899614707772, 
-0.0236566487788588, -0.0195774830023301, -0.0121946301272113, 
-0.207461549938679, -0.207525128120656, -0.200037361424701, -0.047270643328615, 
-0.0494637389359029, -0.0351141829439771, 0.0731236804761899, 
0.0726967796895973, 0.149182484507101, 0.13579365347441, 0.149410834754952, 
0.14790726068047, 0.147148892097648, 0.14421584930358, 0.13995273866866, 
0.1324280767072, 0.122131605656983, 0.110445603384919, 0.0986052482317088, 
0.0872840475424618, 0.0745919890204076, 0.0669669460567935, -0.0542362289515778, 
-0.0699399589779213, -0.0854410763607877, -0.100912981645135, 
-0.11674632992782, -0.133380076908674, -0.149716104875783, -0.165895164968097, 
-0.182648863574909, -0.196936943885662, 0.149400710332763, 0.14808953992009, 
0.147172024798709, 0.144657552448914, 0.140429854306367, 0.132351531094673, 
0.122013267933801, 0.110658867742222, 0.0985634229327752, 0.0872634932125673, 
0.0742711783930941, 0.0663253894039661, -0.0578260626735828, 
-0.0730165560884554, -0.087942179602306, -0.103105174206747, 
-0.118725927226773, -0.134568827579859, -0.150109471773729, -0.166359622238143, 
-0.182422177307583, -0.196280189306947, 0.0111371647009392, -0.012209515026109, 
-1.08680122695781e-05, 0.0486613980353897, -0.0474068226780244, 
-0.00191301059976262, 0.0709136027020418, -0.0693320772740166, 
-0.000961495162903881, -0.00125453883425714, 0.00166070852761897, 
0.0143668935062748, 0.0263530766785696, 0.0379767027420884, 0.0488037337271151, 
0.0565924747998634, 0.0597204112851705, 0.0632369423122166, 0.0668796312495961, 
0.0698984521209914, 0.0731912836959532, 0.0769083812873607, 0.0468188218523085, 
0.0420208599877571, 0.036864386472115, 0.0311250383247332, 0.0256285048455985, 
0.0231427899345831, 0.0212825370395067, 0.0174828750871451, 0.0174059578152421, 
0.01682803167014, -0.00357445111038309, -0.0159050967456529, 
-0.0277032407030945, -0.0394270171482339, -0.0500209563163739, 
-0.0572263434098297, -0.0604451213401381, -0.0628876993903839, 
-0.0657449077719579, -0.0682324391093255, -0.0715898619588155, 
-0.073094155366916, -0.0454195935904748, -0.0411350334737478, 
-0.0359664142152474, -0.0302756354391914, -0.0259018753824539, 
-0.0237265219442301, -0.0204388738518286, -0.0178972424286108, 
-0.0177490636050115, -0.0174507885110742, -0.186939553775631, 
-0.185068032360292, -0.148875956332134, -0.066145851610713, -0.0730738501447163, 
-0.0600708170155873, 0.0630295414074748, 0.0623147416347944, 
0.153144808629749, 0.125104928205222, 0.153138426707574, 0.154836098506642, 
0.153328300067592, 0.147489582462153, 0.14144788541545, 0.132660611997875, 
0.121181497099715, 0.109777361355036, 0.0993399692868639, 0.0870767020688764, 
0.0717519536321107, 0.0608069278843691, -0.0591745621974047, 
-0.0757332683210373, -0.0917413910713129, -0.105748564651583, 
-0.118240099142967, -0.132839318937807, -0.148742888530321, -0.164516897499015, 
-0.178700462431134, -0.190268252922895, 0.153249921492689, 0.154115272744011, 
0.153109676121592, 0.148609009249879, 0.140380858255511, 0.131897854116275, 
0.119817350226227, 0.10911904432175, 0.0985853230498491, 0.0864990471603078, 
0.0719515064767963, 0.060889847235037, -0.0606074097465652, -0.0781706821647985, 
-0.093959918047987, -0.107389276612879, -0.119866397535769, -0.134266433731214, 
-0.149667058491319, -0.165051966147885, -0.179217409113969, -0.190577728274484, 
0.0134881325222397, -0.0158633146170505, -0.00141733863503999, 
0.063472156886779, -0.0588572890933336, -0.000123813541063579, 
0.076591500961529, -0.0764556903657385, -0.00111631593780559, 
-0.000449806514064738, 0.00246845102183963, 0.0148119142482356, 
0.0280052242516301, 0.0396283037907159, 0.0508823898403508, 0.0615018655223896, 
0.0610771809365885, 0.0683496903274869, 0.070926080318112, 0.0665539915607305, 
0.0726136346570507, 0.0786192056462971, 0.0643975798429225, 0.0599330845999411, 
0.0520029366178742, 0.0427048983676825, 0.034436606523948, 0.0308935933251987, 
0.0283872223565924, 0.0252936781001742, 0.020644014015336, 0.0123940738527681, 
-0.00419801372572886, -0.0163511578629078, -0.0290201292535192, 
-0.0413449286914492, -0.0523355443866264, -0.0601098428020979, 
-0.0609463878045732, -0.0679698862652646, -0.0702273051967725, 
-0.0670374103107116, -0.0722698317198913, -0.0780461359305749, 
-0.0610729008839132, -0.0572425898581527, -0.0499431422563665, 
-0.0410577024584049, -0.0342552668966591, -0.0316027679768916, 
-0.0288636396877293, -0.025986444196719, -0.0217350195228466, 
-0.014177793702516, -0.205070596481539, -0.204477332906948, -0.162173089382498, 
-0.048476387265813, -0.0499841196293851, -0.038038544121401, 
0.0524850564378035, 0.0522964521626281, 0.156592490692404, 0.131946440792859, 
0.156457885192333, 0.155193513237351, 0.155989706719007, 0.151521380527782, 
0.140267363575538, 0.130228791401984, 0.119702914203896, 0.10649120435054, 
0.0955404302399144, 0.0862630305006823, 0.0728988055793059, 0.059360763474541, 
-0.0563468103408815, -0.0719361097447304, -0.0874394164482687, 
-0.102371025604124, -0.117294829361634, -0.133548791811282, -0.150066934533374, 
-0.166295745425582, -0.182140771812824, -0.196648726301697, 0.156191542772931, 
0.15447176139096, 0.157187464846461, 0.150336176174297, 0.14062276179574, 
0.130251278093372, 0.119152497416886, 0.105884396021027, 0.0945145151023891, 
0.0862878912711357, 0.0732040119582357, 0.0592390991449436, -0.059652329644123, 
-0.0748923368206376, -0.089915684055948, -0.104500967666073, 
-0.119041740794055, -0.134768933363762, -0.150753126911491, -0.166518953820895, 
-0.18194795634459, -0.19627836448339, 0.0105476953722231, -0.0118674566122055, 
-0.000679707926046472, 0.0543522359120515, -0.0522414683146892, 
-0.000979944986251123, 0.0762669490360609, -0.0756991500310621, 
-0.000926406555094359, -0.000225844385148906, 0.00258627080495079, 
0.0152663423959225, 0.0278627049132659, 0.0430531898776627, 0.0514692183233269, 
0.056969534282598, 0.0579459960197856, 0.0614608899470406, 0.067252622146372, 
0.0696441217279016, 0.069399433060191, 0.0739513784775201, 0.0512956271539991, 
0.0460290711632007, 0.0409311904766859, 0.0343159439065068, 0.0273533603261174, 
0.0244007557297248, 0.0224369886014957, 0.0226435504261809, 0.0224403131562855, 
0.0168796629801045, -0.0044042386184504, -0.0159645409412719, 
-0.0293840750094473, -0.0439571155948269, -0.0529475555476015, 
-0.0568647094340185, -0.0567330266416053, -0.0612627777203678, 
-0.0668456475262338, -0.0696169551723331, -0.0683300153284271, 
-0.0734742279637021, -0.0490642673587062, -0.0444415530227517, 
-0.0396200628165062, -0.0332990910939997, -0.0271120378756247, 
-0.0239429760874713, -0.0223304034996552, -0.0230263332563741, 
-0.0231535024475487, -0.0183599544497534, -0.195056570797985, 
-0.194484179508794, -0.165379534057775, -0.0659001260795285, 
-0.0675795666341829, -0.0364548790602772, 0.0743678566826594, 
0.0759613977952413, 0.150748101196822, 0.0875498196980017, 0.151374992677393, 
0.152235983864373, 0.153289571318912, 0.15020599021824, 0.14003424716279, 
0.129575503064276, 0.122637312601545, 0.111971477957381, 0.0982037430333565, 
0.0868798871849692, 0.076222630972614, 0.0642121191986285, -0.0573601144630464, 
-0.0728478976492175, -0.0878636815195634, -0.10296217072636, 
-0.117333100909554, -0.13305450218523, -0.149675140822552, -0.165967458163445, 
-0.18235851065235, -0.195616215549259, 0.151279894598621, 0.151031499180475, 
0.155107309125027, 0.149114212549504, 0.140253253647363, 0.13097673096736, 
0.122219936727407, 0.111992343936885, 0.098869349875856, 0.0868083183894361, 
0.0758114655946567, 0.0650843994676536, -0.0593197814658647, 
-0.0752469257817308, -0.0905712135373561, -0.103895338495724, 
-0.118433967609218, -0.133876354810479, -0.150432668670477, -0.166077241903039, 
-0.18160471445877, -0.194667493175668, 0.0128437502537502, -0.0154643748113789, 
-0.00049203237881752, 0.0542470677271053, -0.0514044611525781, 
0.000877377883938612, 0.0751931971017992, -0.0750208567849306, 
-0.0014199105295836, -0.000597654235956606, 0.00292187337768693, 
0.0154962632405327, 0.0272711094516377, 0.0408286880713672, 0.0469621084258726, 
0.0544896597474522, 0.0637857031903639, 0.0645317408802579, 0.0672372358504494, 
0.0733670818985285, 0.0765573692100699, 0.079261343496395, 0.0578976711216109, 
0.0516372588784937, 0.0445411178789873, 0.0376755944959344, 0.0297264027963859, 
0.0248536902345487, 0.0244699220091671, 0.0258109116247838, 0.0233816496537203, 
0.0147478524879945, -0.00396343264107658, -0.0169424590434556, 
-0.0282117449342318, -0.0410104160674557, -0.0484115817424722, 
-0.0554398791818192, -0.0638419948100329, -0.065691462474135, 
-0.0663351942391399, -0.0732414580548517, -0.0767781212290995, 
-0.0805259341569145, -0.0544106292148942, -0.0508028010709165, 
-0.0435126672246634, -0.0352266620890473, -0.0286119126035749, 
-0.0233333765984255, -0.0233465999825407, -0.0263554702702776, 
-0.023700156979082, -0.0165203964874822, -0.209810038260021, 
-0.209966221075355, -0.190882590214686, -0.0456830271151406, 
-0.0500762170960058, -0.0293398749467702, 0.0655407932060075, 
0.0636704460530903, 0.155343062825544, 0.124084092373632, 0.155725904268865, 
0.154954916992314, 0.150330120845787, 0.144426670583774, 0.139008630879109, 
0.131892792383537, 0.121478575878008, 0.109748644151301, 0.0982414568904323, 
0.0872284857865645, 0.0757009659204856, 0.0654752783109147, -0.0548642056539211, 
-0.0708748017431147, -0.0859570023870775, -0.10109241131283, 
-0.116895654879218, -0.133923248696587, -0.150782491178066, -0.167372998523342, 
-0.183144557896282, -0.197437043168114, 0.155647157964541, 0.15394659445369, 
0.149669081215227, 0.1444713289538, 0.138816275634023, 0.130961972637952, 
0.120821240366675, 0.10961503861443, 0.0983579069345872, 0.0873627317949293, 
0.0764288113463582, 0.0654706644906487, -0.0588248263334588, 
-0.0739002706647856, -0.0888013559435865, -0.103441421137538, 
-0.118316830393668, -0.135138356519201, -0.151226063447448, -0.167454614431435, 
-0.182819950494313, -0.196393568244264, 0.00639244696171428, 
-0.00882925484797364, 0.000666935428871965, 0.0482233653208419, 
-0.0487227128844499, 0.00271291253173525, 0.0678230918763455, 
-0.0672346971511711, 0.000203519202632027, 0.0023459688513444, 
0.00226971914023912, 0.0154886060162768, 0.0270284545416279, 
0.0382354514777401, 0.0487949352410418, 0.0576766835971231, 0.0603994807653503, 
0.0628936845103104, 0.0660192090622163, 0.0672155441345362, 0.0684227764264237, 
0.0683529951365459, 0.0451724783606543, 0.0413824999886456, 0.0362466161211048, 
0.0302594067160169, 0.0238686306416661, 0.0207933260569981, 0.0195110359218213, 
0.0188179161483776, 0.0195472394626672, 0.0157131859327089, -0.00392343748529221, 
-0.0166498792326255, -0.0279161261249051, -0.0391088559816146, 
-0.0491923416163412, -0.0570506253742328, -0.0604937550431482, 
-0.06376437569057, -0.0659627156972149, -0.0672533615281674, 
-0.0677736346637129, -0.0672900937862855, -0.0465818148757868, 
-0.0418702864032197, -0.0364155700023852, -0.0306628325688876, 
-0.0233493422530847, -0.0207941800232948, -0.0191866823038592, 
-0.0180105927750322, -0.0186073459659325, -0.0158336012943906, 
-0.187596220399737, -0.187544017719895, -0.165920183114035, -0.0654642985196251, 
-0.0684778290720339, -0.038199420392149, 0.0532459714010412, 
0.0519888191390271, 0.159171756651125, 0.141162641956354, 0.158669238877955, 
0.156613822526237, 0.154728605817927, 0.149154240151517, 0.13900059027993, 
0.129462284680748, 0.11895168943355, 0.108142826892754, 0.0972757785251486, 
0.0863300717700215, 0.072966831503594, 0.0608507226126943, -0.0614204438919587, 
-0.0751614908233494, -0.0897691476421457, -0.10491419407099, 
-0.11770276677403, -0.132530435846537, -0.148605785971932, -0.1644190152612, 
-0.179284681572311, -0.191816234087712, 0.158362495188146, 0.155474586964373, 
0.153673794782298, 0.14854989783918, 0.137400840237377, 0.128529938775439, 
0.117653866230827, 0.10738324199392, 0.096712885399029, 0.0856012566666157, 
0.0724601988455538, 0.0598436646047606, -0.0635217646422736, 
-0.0772342189699291, -0.0924060425046942, -0.107812112509182, 
-0.119543166266498, -0.133964006100746, -0.14941356759899, -0.164785733537236, 
-0.179537393457217, -0.192318389000735, 0.0140351297447553, -0.0155542508779601, 
-0.00127474993737632, 0.0598478792521539, -0.0570381713521579, 
-0.000899657390771438, 0.0727804125430689, -0.0725281338077774, 
-0.00165787276188581, -0.000439029629007622, 0.00315794822439242, 
0.0154597880766081, 0.0283557194186803, 0.0423949882620813, 0.0518015674997619, 
0.05752498949151, 0.062647341451648, 0.0676428385800688, 0.0705924096297291, 
0.0695160143488344, 0.070160472475184, 0.0725310227901632, 0.0616800629861736, 
0.0546869115829599, 0.0481810871298498, 0.040881716959434, 0.0315100683752553, 
0.0276325681624697, 0.026604472617717, 0.0242481440551598, 0.0210650695047391, 
0.013604998106907, -0.00582404369513743, -0.0174285394846244, 
-0.0295664292433387, -0.0440446731484357, -0.0515771211873034, 
-0.0568254464940444, -0.0619970179708185, -0.0673741307128324, 
-0.0683004829974775, -0.0682642734587014, -0.0685141214033371, 
-0.0713629167281453, -0.0584268753300715, -0.0527747271130625, 
-0.0479793626343914, -0.0407086404930776, -0.0311498872634985, 
-0.0281252268026037, -0.0269563685890765, -0.0246856488731712, 
-0.0218708624981521, -0.015394959391067, -0.196737224256726, 
-0.195158823727673, -0.144302543347781, -0.0596506649600519, 
-0.0652518322872868, -0.0309044541229235, 0.0733972228110444, 
0.07202548255054, 0.144399469117745, 0.118994897126361, 0.144825610107437, 
0.145598200446862, 0.145637722501237, 0.143894844624403, 0.139214576608229, 
0.133346765267764, 0.12448240273156, 0.111673028082963, 0.100049392169566, 
0.0890265803810927, 0.0769681024335183, 0.0651903024937904, -0.0595253685354187, 
-0.0737343432643933, -0.0888408114802078, -0.105098430859205, 
-0.118525660936105, -0.133218586598051, -0.148974243068447, -0.164900410246462, 
-0.180337991891813, -0.194327830168612, 0.144388671024156, 0.145537969706276, 
0.143927195459012, 0.142879838036802, 0.137168449658707, 0.13412792375768, 
0.122112325838685, 0.110364578980194, 0.0992349637030065, 0.0883225413475981, 
0.0765148855342895, 0.0650308282753125, -0.0606841485420827, 
-0.0761810590333746, -0.09179002793941, -0.106189445804348, -0.120134776405264, 
-0.134900193565637, -0.149947413495042, -0.165012204055816, -0.179822935256508, 
-0.194183346927193, 0.0121232546217266, -0.0171935553033284, 
-0.000637420838648445, 0.0619348540806808, -0.0573038657301217, 
-2.49064651580899e-05, 0.0817194959217526, -0.0805602926975441, 
-0.00319293372280149, -0.000226547430006272, 0.00244794840333751, 
0.0147106369863008, 0.0262818066161013, 0.0376559376369754, 0.0484613436820778, 
0.0583923581086773, 0.0679379646763217, 0.0692701323836449, 0.074299901948532, 
0.0791164097077228, 0.0819011208713238, 0.0839584125526815, 0.0623742591715156, 
0.0550009366047948, 0.0496531562994471, 0.0437804943705978, 0.0349484314994789, 
0.0316289347933524, 0.0283429946026629, 0.0261491981004459, 0.0227784559219574, 
0.0159055523552296, -0.00476559916734771, -0.0162230289332291, 
-0.0275707920164856, -0.0389410858448259, -0.0491528052540857, 
-0.0604594906416508, -0.0648087423373771, -0.0681885275144847, 
-0.0738590344860982, -0.078009784508142, -0.0805001573249668, 
-0.0829156912998059, -0.0586273931655421, -0.0541413734223893, 
-0.048694776524996, -0.0416270117176479, -0.0363202343633726, 
-0.0324160127014236, -0.0286771524979512, -0.0253308943060911, 
-0.022005516029095, -0.0183993656727222, -0.19247487805236, -0.191616491336552, 
-0.153298612145925, -0.0570642036003271, -0.0634718767366658, 
-0.0455781238769071, 0.0648298455606617, 0.0660191529825465, 
0.154169270262059, 0.122042801057274, 0.154312000536645, 0.152505441591749, 
0.149888648117937, 0.146158100028778, 0.138120207869043, 0.129413611948603, 
0.117601572258182, 0.109801988954025, 0.0983723236565249, 0.0878689962896381, 
0.0729936688743837, 0.0619071418758633, -0.0585927707452277, 
-0.0740200697618208, -0.090485504048131, -0.105104322283166, 
-0.11834031608991, -0.132506320561478, -0.148636583506488, -0.164458435052478, 
-0.179244249847733, -0.191926089625162, 0.15408114061871, 0.151876717368196, 
0.149981018508505, 0.14546753527114, 0.139228807928154, 0.128348041822483, 
0.11816129049068, 0.109978328996513, 0.0973894285314928, 0.0878670594132557, 
0.0734514327000902, 0.0617529338932601, -0.0609641100664961, 
-0.0774160947028879, -0.0928579070837197, -0.106728826326792, 
-0.119650128798268, -0.133859470072264, -0.149398273895399, -0.164781320447909, 
-0.179371044702094, -0.191742484040232, 0.0112811691508627, -0.0141271620775241, 
-0.000578516009541753, 0.0625088146737452, -0.0589024636815715, 
7.34334072509697e-05, 0.0797363201757185, -0.0782838495803124, 
-0.000171155399453137, 0.000794120708472771, 0.00244094747770082, 
0.0148810613562957, 0.0269649760445864, 0.0391744980056783, 0.0487194233172261, 
0.0551819626448167, 0.0594080371393013, 0.0695289713725823, 0.0760205254370119, 
0.0732145340195477, 0.0750554901695613, 0.0830749289623636, 0.0620342005739928, 
0.0567910231009991, 0.0515177508276448, 0.0425006052045053, 0.0349551025908906, 
0.0310169989916608, 0.0296471111915638, 0.0261094745403478, 0.0219889034634414, 
0.0141606162417958, -0.00432243667677917, -0.0162237162230504, 
-0.028134662975915, -0.0404442981594231, -0.0507536966607679, 
-0.0539398246751876, -0.0606070514852792, -0.0705876909106553, 
-0.0771247028902033, -0.0730354905370607, -0.0743469307448044, 
-0.0818194467417002, -0.0599998959623892, -0.0559963320227594, 
-0.0487955548229772, -0.0408093451223541, -0.0341422795319899, 
-0.0313503213849243, -0.0297119955669947, -0.0264736034884085, 
-0.0229263644757617, -0.0151722129817762, -0.213669501226925, 
-0.214379413837346, -0.176768376735846, -0.0485729434561631, 
-0.0502645102905306, -0.0425596388911166, 0.0856983590890282, 
0.0849366529760982, 0.155122763192304, 0.133150233664979, 0.155438633061042, 
0.152538260561448, 0.148260877053798, 0.141625584643097, 0.134283256198695, 
0.126359085592493, 0.116502566190624, 0.105937481746333, 0.0978885951943861, 
0.0905300817609164, 0.0788102914211594, 0.0633508155526334, -0.0532253734326454, 
-0.0693473849908119, -0.0846983958990854, -0.100598259989873, 
-0.117926624447709, -0.134682176595349, -0.151386110342604, -0.167656793771454, 
-0.18363011369964, -0.198390308568739, 0.155139085824259, 0.152027563347818, 
0.147494116482851, 0.141468149070242, 0.134401387970564, 0.127347219623173, 
0.117528912548996, 0.106380638916116, 0.0978592762611634, 0.0910138386293981, 
0.0786417490833717, 0.0627420991734292, -0.0575265865948376, 
-0.0725501432079997, -0.0867248119190332, -0.102135900762275, 
-0.119660773529475, -0.136118551356187, -0.15197859599826, -0.167662666647678, 
-0.1830928601285, -0.197270758510333, 0.00845682232962797, -0.00967769366568659, 
0.000206539027178707, 0.0432188724491327, -0.0425116873549168, 
0.000531645147928919, 0.0710422048497667, -0.0709575611488791, 
-1.84800587113313e-05, 0.00105357876927761, 0.0021736459040848, 
0.0140181945036037, 0.0240907793632054, 0.0324947723152596, 0.0405616029349245, 
0.0469781052987731, 0.0538421750705814, 0.0626042443677951, 0.0718593207185379, 
0.0779763427147901, 0.0781921342100774, 0.080597744884234, 0.0415866390572897, 
0.0375783915231255, 0.0335152992308358, 0.0269361754992204, 0.0240242208769459, 
0.0239824053331638, 0.0240455162540866, 0.0216608637119839, 0.0197950437555684, 
0.0162842377296224, -0.0033263360692986, -0.0148006039477296, 
-0.0245521237917738, -0.0336346145206058, -0.0418367515158187, 
-0.0478670970739277, -0.0536343438799892, -0.0620004286733483, 
-0.0715677338494195, -0.0783351043505686, -0.0782215695549441, 
-0.0807701537526022, -0.0406100984257145, -0.037355632842441, 
-0.0332030320854126, -0.025711893258786, -0.0230370084142014, 
-0.0235356469559227, -0.0242176131438453, -0.0215890578803779, 
-0.0199073479467853, -0.0164279036689154, -0.19946642548868, 
-0.199092041167966, -0.168881004646121, -0.0514130910914873, 
-0.0571627875917547, -0.0336292182826074, 0.0770840470155463, 
0.0740406111362604, 0.146235944942938, 0.0867978374594728, 0.146947671702846, 
0.147244698691581, 0.147376875290152, 0.14458304471855, 0.137970175136237, 
0.131210605366808, 0.1257152892716, 0.112633102292373, 0.100294990304987, 
0.0887861399694179, 0.0782290898900953, 0.0664890237629906, -0.0562506073511505, 
-0.0717647226846495, -0.0874380343181844, -0.103327283803484, 
-0.117145158174249, -0.130847762857495, -0.147801433617504, -0.163870620125112, 
-0.180089507629167, -0.195227832309638, 0.147088883342563, 0.147738968946164, 
0.148014770659677, 0.145051387966403, 0.13850577069982, 0.128832260436457, 
0.12259914495926, 0.111261760241044, 0.0996159196960281, 0.0894619798692151, 
0.0775675234442063, 0.0671632336213459, -0.060804235276573, -0.0754968225143872, 
-0.0903488644303755, -0.105342924528213, -0.119106291887592, 
-0.132521310874594, -0.148486713268923, -0.164131351720631, -0.179973599366694, 
-0.194921105826806, 0.0162909596564094, -0.0143073949004905, 
-0.000430137407160899, 0.0601544959816554, -0.059999032380535, 
0.000274595359489707, 0.0805443981647394, -0.0804437913399523, 
-0.000570285640340904, -6.90247295536224e-05, 0.00249515820488178, 
0.0147413673961758, 0.0263548113555825, 0.037364560892176, 0.0470482464588156, 
0.0567069026190032, 0.0677172716235843, 0.0700857629175237, 0.0723251638428437, 
0.0773101053274929, 0.0835775256058595, 0.0856220092241915, 0.0580462361457059, 
0.052774698642909, 0.0475053990854041, 0.0413081663662418, 0.0320732708119366, 
0.0242135279304881, 0.0224015592410743, 0.024512636460877, 0.0242620006379952, 
0.0194393419361379, -0.00451395457536456, -0.0164347516044977, 
-0.0278316314074428, -0.0389277652864809, -0.0477467897090856, 
-0.0545756569245699, -0.0644925582463746, -0.0683676041675407, 
-0.0732355224881363, -0.0792257019664157, -0.0820507165323102, 
-0.0822601888093168, -0.0586304538033158, -0.0524650876748778, 
-0.0465639647244849, -0.0401571027942383, -0.0322740366123755, 
-0.0251943487563901, -0.0240493507529349, -0.0256663746680286, 
-0.0248965404514031, -0.0197704035355766, -0.214982511787515, 
-0.214673484043842, -0.186826569386603, -0.0423449896112841, 
-0.0497018615666867, -0.0251835184200672, 0.0737013211841297, 
0.0740613784533508, 0.14998593073793, 0.13104174748237, 0.150575173966384, 
0.150469560068285, 0.148742550395391, 0.145142628647316, 0.138690568857474, 
0.130643927159703, 0.119721773344437, 0.107764075882236, 0.0968819733035021, 
0.0869509405555885, 0.0737232019504754, 0.0645407990480334, -0.0542399458357161, 
-0.0696924060990917, -0.0847276006296019, -0.0998102454956055, 
-0.116224318279299, -0.133885480460938, -0.15064893344364, -0.16705152013308, 
-0.183136366662969, -0.19766314272843, 0.150589690393068, 0.151010265181959, 
0.150400206719853, 0.146694768393205, 0.139842707869445, 0.131933906838811, 
0.120288940557292, 0.106596739628532, 0.0957733576271507, 0.0868410883827259, 
0.0741783640456157, 0.0652764249885683, -0.057497259994197, -0.0723617679398693, 
-0.0872043296530556, -0.102333382546428, -0.118520343670872, 
-0.13532754253264, -0.151352623726025, -0.167237418186268, -0.182667415071675, 
-0.19676903375743, 0.00961216868716235, -0.0110085980245052, 
-8.70312648714147e-05, 0.0490802996855045, -0.0471425096786687, 
-0.00154632262438498, 0.0727284130193142, -0.0715226325078616, 
-0.000789866406965939, -0.00103058017132346, 0.00221331692127879, 
0.0142722700795563, 0.0266987053980007, 0.0377822581966326, 0.0460105337424334, 
0.050815468176096, 0.0548172363587936, 0.0607863973297459, 0.0671273947774411, 
0.0709475072578818, 0.0755860024670588, 0.0860338903706172, 0.0462232230199941, 
0.0414486144622761, 0.0356850268296252, 0.0290107153753661, 0.0221270969354185, 
0.020429130564284, 0.0198391965789352, 0.0185738819996266, 0.0179644519556876, 
0.0164433861401949, -0.00427065906762041, -0.0158827215507561, 
-0.0283851105118213, -0.039832791463439, -0.0478421562038775, 
-0.0513327009639103, -0.053728200296415, -0.059518385214298, 
-0.066731895719042, -0.070793938384351, -0.0741968301543998, 
-0.0817841278682023, -0.0451850657813191, -0.0398691697136704, 
-0.0340938307086632, -0.0277736545381062, -0.0223747972960777, 
-0.0213351815414517, -0.0205528683430998, -0.0192876444326282, 
-0.018219896718827, -0.0161374191783678, -0.203751062428991, 
-0.203261892245876, -0.175452358779313, -0.0461626732657868, 
-0.0509819854603292, -0.0296414510373619, 0.0512573849696771, 
0.0530826468774248, 0.159956329203301, 0.128065458454597, 0.159647026177044, 
0.157502351124499, 0.154969750879759, 0.148966193869406, 0.138521471148554, 
0.12858932155034, 0.118465817340243, 0.107957026107039, 0.096825200377674, 
0.0853358946380253, 0.0728092721548432, 0.0606113411152921, -0.0568475394288035, 
-0.0729620769736833, -0.0886809926508936, -0.103363878346142, 
-0.117453699897743, -0.133116358755621, -0.149358873973209, -0.165330303754481, 
-0.180922509717347, -0.195300192577872, 0.159672590309733, 0.157577493492502, 
0.155250970226813, 0.148960238600482, 0.137947432080783, 0.127951466886956, 
0.117840958666096, 0.107328719962746, 0.0961457540498326, 0.0849027473344807, 
0.0726039096582731, 0.0602943369392185, -0.0602403898781206, 
-0.0755948555837058, -0.0906260937552598, -0.105024817866127, 
-0.119247945122525, -0.134321918349314, -0.150027915596077, -0.165608867422212, 
-0.180804897609139, -0.194953553719701, 0.00994661358051821, 
-0.0109857687484556, -0.00146249805073733, 0.0569635983249925, 
-0.0545915830058581, -0.00202753953353685, 0.0719497922660169, 
-0.0713089805007839, -0.00137278711656753, -0.000546184357159095, 
0.00325449668469444, 0.0160347928376564, 0.0290491879381079, 
0.0422939919867196, 0.0501925860010769, 0.054779054737495, 0.0599742214710125, 
0.0637755867538381, 0.0655593645090533, 0.0670648583443575, 0.068349853332097, 
0.0707578144032817, 0.0536016808147146, 0.0501477232871055, 0.044855216127938, 
0.037323771621964, 0.0294430605558751, 0.0261638756757204, 0.0249168867219183, 
0.0230691565080616, 0.0213162212712222, 0.0162140935871203, -0.00499103670723486, 
-0.0174345904448412, -0.0304063090260574, -0.0440175306439276, 
-0.0503547752934798, -0.0541475903426766, -0.0595145138902407, 
-0.0626269833660448, -0.0649349357795767, -0.0665910709897595, 
-0.0679201034429711, -0.0703477395144131, -0.0515462837990361, 
-0.0476507051997691, -0.0425774994983062, -0.0358386934691581, 
-0.0293725830464616, -0.0261436841728808, -0.0247703161876967, 
-0.0234980655961257, -0.0223349657825696, -0.0176821818362324
), .Dim = c(54L, 2L, 29L)), ID = 1:29, Binom = structure(c(6L, 
13L, 7L, 8L, 9L, 11L, 1L, 3L, 2L, 4L, 10L, 5L, 16L, 21L, 22L, 
25L, 18L, 26L, 12L, 27L, 23L, 20L, 14L, 17L, 28L, 29L, 24L, 15L, 
19L), .Label = c("Amblysomus_corriae", "Amblysomus_hottentotus", 
"Calcochloris_leucorhinus", "Calcochloris_obtusirostris", "Carpitalpa_arendsi", 
"Chlorotalpa_duthieae", "Chrysochloris_asiatica", "Chrysochloris_stuhlmanni", 
"Chrysospalax_trevelyani", "Chrysospalax_villosus", "Cryptochloris_wintoni", 
"Echinops_telfairi", "Eremitalpa_granti", "Geogale_aurita", "Hemicentetes_nigriceps", 
"Hemicentetes_semispinosus", "Limnogale_mergulus", "Microgale_brevicaudata", 
"Microgale_dobsoni", "Microgale_dryas", "Microgale_longicaudata", 
"Microgale_parvula", "Micropotamogale_lamottei", "Micropotamogale_ruwenzorii", 
"Oryzorictes_hova", "Oryzorictes_tetradactylus", "Potamogale_velox", 
"Setifer_setosus", "Tenrec_ecaudatus"), class = "factor")), .Names = c("meanshape", 
"ID", "Binom"))
