structure(list(meanshape = structure(c(0.188932689014631, 0.186226873530742, 
0.167018259812195, 0.0541645543604346, 0.0477917204806713, 0.035850709763373, 
-0.0553211014869877, -0.0710670888807744, -0.142771514793606, 
-0.085789820403268, -0.142496941446301, -0.139956941844978, -0.136869107898051, 
-0.133207715109006, -0.128368153814486, -0.123133525540437, -0.117566748533905, 
-0.109128177810453, -0.0975504595487037, -0.0852284962551826, 
-0.0732610239131228, -0.0626796916069961, 0.0603835110692177, 
0.0761583653374966, 0.0912131403198763, 0.104237772472254, 0.11760630668589, 
0.132461465912701, 0.148473936150495, 0.16406039211691, 0.183868900829718, 
0.197337074415304, -0.143371384134313, -0.144208242527346, -0.143363478280868, 
-0.141454432613949, -0.138527520488515, -0.134590236726248, -0.13007566057568, 
-0.122372996997973, -0.112290350651418, -0.101089415938993, -0.090073776948193, 
-0.08001856757941, 0.0540567923310385, 0.0703651768798934, 0.0857494280175062, 
0.0998381721570062, 0.114081376809627, 0.129353185786774, 0.144900964251425, 
0.15982941642855, 0.178326298644069, 0.193546088771366, 0.00589246604937487, 
-0.0362830834749876, -0.0123868346672308, 0.0547385942135241, 
-0.0617414277105384, -8.21150648618902e-05, 0.10928726879368, 
-0.100563597624553, 0.0127255662435113, 0.00705332860688089, 
0.0130604295922525, 0.0251869689321581, 0.0363183725215926, 0.0470310461260695, 
0.057233420268142, 0.0663941667379319, 0.0752782789588902, 0.0845938574362751, 
0.0923256798501737, 0.0982480216834079, 0.102231830178239, 0.106410452552112, 
0.0518310574421116, 0.0468495736983839, 0.0385447618607878, 0.028490860336322, 
0.0197629851956515, 0.0144614311314305, 0.0130857759642398, 0.013620348074838, 
0.0150078776103418, -1.96053981155784e-05, 0.00842362412676763, 
-0.0028526377795201, -0.0140921367861601, -0.0256121934426716, 
-0.0364576529881191, -0.045971003852328, -0.0559408819950261, 
-0.0665016782295392, -0.0759175529735346, -0.0839099571747175, 
-0.0897408048401554, -0.0958749327420546, -0.0608891229240887, 
-0.0574320814908666, -0.0512504548192391, -0.0438419327739895, 
-0.037922865005776, -0.0352513931493418, -0.0363890893760506, 
-0.0399854875036951, -0.0439464049051416, -0.0332311154927885, 
0.16987452970404, 0.159664077188306, 0.147846907078808, 0.063355354387958, 
0.0514208316152705, 0.0293526860246471, -0.0281161523491701, 
-0.0510045390471417, -0.139626410430477, -0.0785925555812761, 
-0.139541752791368, -0.137972907276573, -0.136095856927259, -0.134300162989795, 
-0.13039280971254, -0.125972129266959, -0.120680109735896, -0.112500771379035, 
-0.100064861664629, -0.085347540272652, -0.077066359130794, -0.0685356427989714, 
0.0673128859507152, 0.0825721834294113, 0.0982477424617661, 0.108852886046772, 
0.119455847065033, 0.132378392287276, 0.14741723849147, 0.1661114218747, 
0.180715206708552, 0.192928384161527, -0.139788078219581, -0.140971576259156, 
-0.14108409520764, -0.140480993357243, -0.138984931270556, -0.135371796303167, 
-0.133582660606879, -0.127007332562991, -0.11446562605116, -0.0997513523113011, 
-0.0951939180318115, -0.0871739637550889, 0.0587390419536686, 
0.0746593861045883, 0.0910894735831783, 0.103872641542491, 0.114951532109083, 
0.128752442022254, 0.144081130047331, 0.159251995581053, 0.176514525281985, 
0.190248142589226, 0.00609295930931359, -0.0338356910665859, 
-0.0104300338785468, 0.0632587541396399, -0.0727438716888578, 
-0.000870691785722992, 0.133985118885269, -0.126937862218982, 
0.0101356339420973, 0.00825296746882522, 0.0135205372018594, 
0.0254089940625606, 0.0368257027126136, 0.0480288515691006, 0.0588031740215084, 
0.0682682994970889, 0.0777644544031718, 0.0886695216748551, 0.0986358263413955, 
0.106431144713242, 0.107548588320936, 0.115354272373155, 0.0607552232712193, 
0.0535898292380006, 0.0430473682551175, 0.0303910327583929, 0.0208517499682099, 
0.015395683462433, 0.0157393396066897, 0.0170542686642219, 0.00838492259041504, 
-0.00695072638934948, 0.0077418463477524, -0.00403614076142772, 
-0.015119095404679, -0.0265617689132079, -0.037782594859698, 
-0.0470144139688256, -0.0568830847085511, -0.0708145149676626, 
-0.0837145069181996, -0.0925353733361457, -0.0927413025686174, 
-0.103292260886389, -0.0709312081619232, -0.0658251893764348, 
-0.0585977186159906, -0.0479970973378141, -0.0391293755948708, 
-0.0339993804289557, -0.0353782013587509, -0.041964653346709, 
-0.038245239012014, -0.0256040672441729, 0.179921957936087, 0.175546056242972, 
0.156099407004343, 0.0600045595891804, 0.0520889594899881, 0.0323040116312027, 
-0.0442950680936767, -0.0627215784199172, -0.141437428395738, 
-0.0850265085060691, -0.141272926098775, -0.13939111345085, -0.136340251477557, 
-0.133094366487208, -0.1294625118167, -0.124501045765607, -0.119078232316952, 
-0.110738438590269, -0.0996583456072406, -0.0859648190820592, 
-0.0748639104270701, -0.0676094389776832, 0.0633897627663629, 
0.0788472426904196, 0.0927189477557762, 0.105148451049752, 0.118152472686627, 
0.132784314161127, 0.148607036019305, 0.164279789150075, 0.185466083863075, 
0.193484932436866, -0.141253203571648, -0.14196201821358, -0.14008889512157, 
-0.138929945395907, -0.13702215014108, -0.133628975353201, -0.129875441842214, 
-0.123654012485314, -0.114447308618487, -0.102451155922348, -0.0928067404051598, 
-0.0843516309655663, 0.0567933664563037, 0.0728670929668446, 
0.0874648847485917, 0.100991701763374, 0.114734042800347, 0.129955996818736, 
0.144683239821952, 0.16027836121828, 0.180414761447269, 0.188900029034587, 
0.00743725218073455, -0.0349692965113436, -0.0122456236759568, 
0.056492437601287, -0.0646547826048128, -0.00184832297875482, 
0.123235395424992, -0.114578983705666, 0.0115691112059515, 0.00524664339023132, 
0.0134399658544329, 0.0251823589839173, 0.0363158076667178, 0.0476638618716956, 
0.0583626306332007, 0.0676359602681326, 0.0769347385072884, 0.0865999173119457, 
0.0958263500540604, 0.103512476801187, 0.106257409381052, 0.111335281479289, 
0.0553758412818812, 0.048184334694265, 0.0386562033582597, 0.028373821604777, 
0.0194405849531361, 0.0132705368101268, 0.0129009528338335, 0.0159698025898398, 
0.0146337016180036, -0.00123405527816746, 0.00829296373761323, 
-0.00318067573151818, -0.0142965892565836, -0.0262034982684929, 
-0.0370834027444743, -0.0466135636686134, -0.056408050793536, 
-0.0673196142858659, -0.0785418622532605, -0.0881474224912702, 
-0.0931756896655696, -0.100796434577948, -0.0638565787587868, 
-0.0590223908313343, -0.0515813729323701, -0.043834356380853, 
-0.037287051808883, -0.0353290082556212, -0.0378698088652609, 
-0.0434517847430315, -0.04302448318686, -0.0315916378430171, 
0.186260897859478, 0.182294666066313, 0.167949392277008, 0.0589878651084827, 
0.0504381700833298, 0.035522534195329, -0.0557177744410031, -0.0759659295487537, 
-0.143567010168721, -0.0826809577299249, -0.14310379839068, -0.141189170220442, 
-0.137735555016131, -0.133242178400278, -0.129482937676809, -0.125589219210522, 
-0.119557996382369, -0.110074411826373, -0.0980092239729518, 
-0.0843927186662755, -0.0722240810203985, -0.0641004730656632, 
0.0602408883178129, 0.0760154697234573, 0.0914187921521535, 0.105206762726907, 
0.118698962899321, 0.133594662782863, 0.149245881009581, 0.165267903702721, 
0.184929785130358, 0.194760103228131, -0.14397484767607, -0.143206212822266, 
-0.141251457477287, -0.139318705005139, -0.137502982611699, -0.134797080417231, 
-0.130370787389252, -0.122747097372503, -0.112808511729731, -0.0998884211771875, 
-0.0882680819820293, -0.0796222626310892, 0.0538534753104657, 
0.0696287715095875, 0.0853216517610148, 0.100182407104401, 0.114637769655082, 
0.129933077570818, 0.145311617238158, 0.160809474645369, 0.180315915379489, 
0.189562986591147, 0.00513399583866357, -0.0338406091352293, 
-0.0131298059387493, 0.051863843418983, -0.0594949421112108, 
-0.003697515347423, 0.109777683455011, -0.0977103432764776, 0.0100339313412805, 
0.00439300420462063, 0.0134496538980914, 0.0250862125420152, 
0.0358082746741039, 0.0469960250452397, 0.0580357520958694, 0.0673104644634082, 
0.0766528582074062, 0.0858778172806535, 0.0936101606157726, 0.099444699987792, 
0.101940382082589, 0.105568091730905, 0.0516659330468482, 0.0461565729952417, 
0.0388922412738208, 0.0294568226627151, 0.0217105854253467, 0.0173155696975601, 
0.0151573786762911, 0.0146406668133627, 0.0130730700046287, -0.00164180626440269, 
0.0089859470411373, -0.00247871529489691, -0.013871568600434, 
-0.025785163372751, -0.036844468919278, -0.0462980756074159, 
-0.0563896056384202, -0.0666379883603614, -0.0770154504410906, 
-0.0850391827405338, -0.0899405313828392, -0.0945954319203163, 
-0.0587603936399078, -0.055286057284736, -0.0507396999110744, 
-0.044963087242633, -0.040334638810542, -0.0388562026294184, 
-0.0393068772342231, -0.0418398165900416, -0.0431662282240611, 
-0.0303734326008899, 0.178398514353095, 0.17597082675224, 0.152576763969891, 
0.0608797799852075, 0.0559184969598316, 0.0243473370964337, -0.0296821703455306, 
-0.0453269996207469, -0.149658515466891, -0.115201941824833, 
-0.148894877013045, -0.146266952560754, -0.143531636752608, -0.139922986706989, 
-0.134565192598555, -0.128448248824858, -0.116939054139475, -0.102961624431776, 
-0.0918402950703318, -0.0810595438901564, -0.0685448086455843, 
-0.0548311204572471, 0.0633680062293131, 0.0776370751793623, 
0.0918930104541822, 0.105779315961612, 0.119096793813458, 0.13304909487924, 
0.148404191508145, 0.164644572824493, 0.183351795985912, 0.192613163640702, 
-0.149582853941196, -0.14843405699126, -0.147863566401899, -0.146424389296746, 
-0.14268547828976, -0.138230437653764, -0.127680909153131, -0.114513331492154, 
-0.103749102795322, -0.0936937600803054, -0.0822338153011808, 
-0.0695603472856658, 0.0566620436311572, 0.0716925917787452, 
0.0864629119526662, 0.10074552333879, 0.114530772450108, 0.128835083591303, 
0.144311249589206, 0.160324643320173, 0.179358289116977, 0.191476168669519, 
0.00829285140379514, -0.0383305872240065, -0.0134609873440984, 
0.0548096282707488, -0.0612402112850149, -0.00357114761525136, 
0.106773698106723, -0.0978233222919036, 0.010887027782718, 0.0080101906011873, 
0.0146733172246756, 0.0265398868091801, 0.0382178836422178, 0.0501037260525403, 
0.061129931915902, 0.0722548810416122, 0.0826486764186814, 0.0878502466042626, 
0.0914507993293939, 0.0960760690844119, 0.100097627379413, 0.103671748728953, 
0.0536864673787768, 0.0462487450919679, 0.0387348131635894, 0.0305616285664682, 
0.0229083099007034, 0.0183789588442402, 0.0172039228625526, 0.0160925803503915, 
0.0124449814865014, -0.00180012304513661, 0.00815221504941992, 
-0.00376057907631652, -0.015477395239493, -0.0278561326903874, 
-0.0395285933217815, -0.051508608914451, -0.0632043658355637, 
-0.0701200091043217, -0.0748887058581753, -0.0804176787731694, 
-0.0858221228155836, -0.0911189151189443, -0.0612301632501059, 
-0.0563708927682274, -0.0509422946399782, -0.0451382853282219, 
-0.0412198956758933, -0.0420414437176019, -0.043111068603002, 
-0.0439491839770037, -0.0432614710064693, -0.0307066285709244, 
0.174817575076771, 0.170444143493466, 0.155613469519161, 0.0598288018397277, 
0.0529193593440745, 0.0449316412308173, -0.0351380054470422, 
-0.0566574089694678, -0.140834722195973, -0.0957268959658167, 
-0.14058648538751, -0.13939566088224, -0.138313101167275, -0.136038045833024, 
-0.132045794583589, -0.126645726653107, -0.120380378263345, -0.111724458422096, 
-0.100085207659426, -0.0856927170685633, -0.0702115685685888, 
-0.0575755974719484, 0.0633367025128783, 0.0791423664109822, 
0.0937870135534964, 0.105847353909875, 0.117931271808901, 0.131561128785901, 
0.146859922582106, 0.16254232825821, 0.183459893197425, 0.193739606480113, 
-0.141249569364227, -0.142160481924778, -0.143167544114696, -0.143102872868991, 
-0.140174792756071, -0.136779759373828, -0.131459063357196, -0.124883726602646, 
-0.115359214691654, -0.100412761575914, -0.0850393733147675, 
-0.0757104905133762, 0.0573235921279032, 0.0725315667544282, 
0.087899615949517, 0.101281697703451, 0.114227348543028, 0.128364560579261, 
0.14255153408513, 0.15928574598054, 0.177868453120776, 0.188454732149217, 
0.0105511380280677, -0.0352750959106117, -0.0123828477445884, 
0.0589085869150368, -0.0671164500324805, -0.00557114460216372, 
0.115576122315651, -0.107837509722644, 0.0106857440688272, 0.00644499019638904, 
0.0138344718453988, 0.0259207194785353, 0.0373538845530962, 0.0485649112748253, 
0.0594849162036906, 0.069065751375094, 0.0782994571123912, 0.0882920799610099, 
0.097241046025428, 0.105471728293109, 0.10894484593623, 0.111879995349838, 
0.0573262383648905, 0.0505380662017989, 0.040984231597929, 0.0302142162331707, 
0.0210101187281512, 0.0145218367271363, 0.0135900140406306, 0.0169570436729806, 
0.0148398120900251, -0.00359442647592008, 0.00814510235279069, 
-0.00367161885748192, -0.015040248450577, -0.0264846853751505, 
-0.0377200099814862, -0.0479284505250481, -0.0580528315024028, 
-0.0683645059309433, -0.0804682594861579, -0.0911636989066291, 
-0.0963661356980315, -0.0992048120663414, -0.0663453433629279, 
-0.0609527467516527, -0.0547111020200937, -0.0462045824052745, 
-0.0395053928132054, -0.0361769888346716, -0.0391985194211027, 
-0.0440433042004735, -0.0414461256462946, -0.0298202322177671, 
0.182369400515963, 0.180740032331378, 0.163352442434257, 0.0605830571813724, 
0.0577119987725503, 0.0440312347291463, -0.0484252933381393, 
-0.0686961046185045, -0.143635935664049, -0.101351394788697, 
-0.143536224220596, -0.141748459185789, -0.14085102474, -0.137029206018859, 
-0.132423257072641, -0.125248372131764, -0.119028465069335, -0.108620052515939, 
-0.0959790184756016, -0.082098576743432, -0.068913075124749, 
-0.0583366380756725, 0.0640593683588088, 0.0760226144073708, 
0.0893044130324166, 0.103247997727112, 0.117457840248401, 0.132268266684505, 
0.147708759308708, 0.163670692852331, 0.184396742458264, 0.195253275782561, 
-0.144440760683679, -0.145080000845026, -0.146128507010507, -0.144752316675228, 
-0.140828789593399, -0.136078429930401, -0.130289943425554, -0.121514416736606, 
-0.110413885437072, -0.0971400384227842, -0.0846432193443581, 
-0.0742403733422996, 0.0546069981275533, 0.0699068641271822, 
0.0851778038859089, 0.100210141276244, 0.114490430327779, 0.129066679191092, 
0.143785453730763, 0.158807962081692, 0.179153853997472, 0.19408745565985, 
0.00876369413213821, -0.0386135593154601, -0.0125508113164074, 
0.0563796691044726, -0.0595429964099607, -0.00274135507934082, 
0.104730270603404, -0.0935339769620019, 0.0108564450093199, 0.00887691907704253, 
0.0138641903375196, 0.0261035941398128, 0.0375817577038181, 0.0484285151893521, 
0.0591239413960792, 0.0676189922746213, 0.0770567450902963, 0.085795765045837, 
0.0929905941717477, 0.0972613576715446, 0.0995897508891944, 0.101157410320782, 
0.0548564924941004, 0.0447450515484066, 0.0363175546615028, 0.0282423336796552, 
0.021161900932598, 0.0161668531582257, 0.014835868763446, 0.0171349785420251, 
0.014651713375736, -0.00217478012854815, 0.00823272895006844, 
-0.00362236778298355, -0.014992069697995, -0.0265401137602407, 
-0.0375541265559884, -0.0473432901147886, -0.0574626936367543, 
-0.0676643791940843, -0.0766344678270693, -0.0842712717420058, 
-0.0873672544239724, -0.0926396525552759, -0.0604000110757513, 
-0.0560546524848169, -0.0512600988140536, -0.0457350621863604, 
-0.0399423970380168, -0.0367563521745764, -0.0382483365123143, 
-0.0437951976034977, -0.0441089333898373, -0.0309748804806448, 
0.180485872676988, 0.17651140161873, 0.159703370216242, 0.0575596620382053, 
0.0515021200262635, 0.0327908548634481, -0.0466068318596756, 
-0.0667918731912775, -0.141198263256843, -0.0931675772540816, 
-0.141371311695683, -0.139249069313601, -0.1349658338649, -0.130774031010136, 
-0.127586221368144, -0.124128594381216, -0.118380990576037, -0.110918680525661, 
-0.100567033529591, -0.0867904396617053, -0.0729400875715661, 
-0.0639774225155923, 0.0633011054394278, 0.0769195359765368, 
0.0914266611280635, 0.105141305937918, 0.118489763979483, 0.132934489970166, 
0.147347134455758, 0.164472732602058, 0.18705854172472, 0.192817212045654, 
-0.141372206944737, -0.141709753965333, -0.139984863727063, -0.136901413350212, 
-0.135093814296145, -0.132961415643662, -0.129553906370147, -0.124381933776455, 
-0.116127617800605, -0.103357302560229, -0.0905347324999506, 
-0.0837475726659868, 0.056148438083821, 0.0724748847030301, 0.0881925154049722, 
0.102468925443246, 0.115481002022249, 0.129121896119575, 0.143633886748532, 
0.158333984833457, 0.179900375068068, 0.190923122049625, 0.0104517512390777, 
-0.0393076657890509, -0.012267045578642, 0.0578563127529227, 
-0.0680328085619753, 0.00296426317285739, 0.116721012903744, 
-0.1098560385179, 0.0123739494374318, 0.0114001939194917, 0.0131896446333284, 
0.0242837751182903, 0.0348213982191186, 0.0465941578449299, 0.0575255068183361, 
0.0667619503440529, 0.0756838250323218, 0.0849502584726094, 0.0941829442541388, 
0.102805988379481, 0.106142826016462, 0.110202412345524, 0.0549986849217785, 
0.0466366975692448, 0.0392893358177836, 0.0308964561512645, 0.023890508036103, 
0.0202777186544298, 0.0188659596736186, 0.0212022213479088, 0.0154281710621047, 
-0.00222113378609524, 0.00839658951126296, -0.00295071647151296, 
-0.0134983313271321, -0.0251340180461753, -0.0364546633467088, 
-0.0457629888845855, -0.0553335490235164, -0.0659131702033689, 
-0.077490827969985, -0.0886800219366912, -0.0940493736209823, 
-0.0990852510152071, -0.0670670128596371, -0.0628695645050219, 
-0.0563770237509797, -0.0487871725274469, -0.0416203040024576, 
-0.038166914091284, -0.0387384811787167, -0.0438670247893649, 
-0.0455409988995663, -0.0297224129656134, 0.186550017589963, 
0.18252707760151, 0.160176437558505, 0.0652314826188463, 0.0595502509707793, 
0.0316255249780296, -0.0562394892826126, -0.074460445769297, 
-0.142128704138422, -0.0959165414748321, -0.142043460132803, 
-0.140933625305956, -0.140312632146139, -0.137553468219466, -0.132643678915701, 
-0.126154133555547, -0.117982096363345, -0.107944673856133, -0.0956672061812092, 
-0.082958995186123, -0.0720744083308264, -0.06266756681298, 0.0615447022958636, 
0.0766965674366747, 0.0910581211556065, 0.104289624496489, 0.118224360482921, 
0.133467657461307, 0.149378387838277, 0.165571342955968, 0.184790048109583, 
0.19604130978006, -0.142324009970856, -0.142932872923779, -0.144376565643391, 
-0.143597404454378, -0.140497583300464, -0.135529314197441, -0.129193131997327, 
-0.120205782423559, -0.109116206474128, -0.0976250041924125, 
-0.0880861463765596, -0.0798035411761751, 0.0543253132557039, 
0.0706179970319288, 0.0855912012754052, 0.100002474231337, 0.114694565895385, 
0.130188555547851, 0.145620021544129, 0.161462138523613, 0.179908389581382, 
0.191835118584743, 0.00490111633637016, -0.0347421449248319, 
-0.0137369391168857, 0.0508242313912869, -0.0578975881793134, 
-0.00334975046313368, 0.105771140963793, -0.0951628571155738, 
0.0110051441512764, 0.00643605714372525, 0.0141109685938864, 
0.0263120629947297, 0.0377665171813966, 0.0486415668475626, 0.0591106278200074, 
0.0682191636674715, 0.0766437554129819, 0.084750771918908, 0.0912076770222602, 
0.0957893329885842, 0.0987210020174256, 0.103488016494552, 0.0529132700596428, 
0.0457343177808949, 0.0373569105419293, 0.0277097353462095, 0.0198083218800004, 
0.0154160690354135, 0.0139938639014619, 0.0147575360647595, 0.0124844123361032, 
-0.00169327265415155, 0.00834222622091179, -0.00414075680566244, 
-0.0154600130900004, -0.0265314774356154, -0.0374604902318109, 
-0.0471894640398557, -0.057002238345314, -0.0666788278976905, 
-0.0748294909914402, -0.0814215735588448, -0.0858422564165896, 
-0.0927245083478504, -0.0596713785198593, -0.0560446305777691, 
-0.0497611701306847, -0.0430120951812353, -0.0379216134766239, 
-0.0373250698575213, -0.0385421454985468, -0.0417042372342915, 
-0.0414736114098791, -0.0308962146125698, 0.179772212585791, 
0.175040136123006, 0.1576292547641, 0.0615557938697016, 0.0546343874512223, 
0.0227276498110607, -0.0501837765905712, -0.0708410178801143, 
-0.139658561292818, -0.0948834967760655, -0.139359992231373, 
-0.137858897533868, -0.134417638186148, -0.131501537334211, -0.127218646896894, 
-0.122587044426103, -0.118084077600108, -0.109968691190825, -0.100738683588361, 
-0.0896102110652007, -0.0769126115019996, -0.0660685934729491, 
0.0657547906645086, 0.080265975008078, 0.0942967006918676, 0.106779848773172, 
0.118638251842829, 0.132697705643247, 0.147720021248823, 0.164275441498873, 
0.187465208586192, 0.193106586741568, -0.140312348604312, -0.140620742684228, 
-0.13868328968393, -0.137069690326592, -0.135104099468433, -0.132954898816938, 
-0.129102321075175, -0.12287805317249, -0.114812149262502, -0.104293004693575, 
-0.091362281288556, -0.084031382208054, 0.0575414135666473, 0.0736180004828486, 
0.0881786627120418, 0.101636261478787, 0.11488506352038, 0.129323629643821, 
0.143663391321027, 0.159135928932158, 0.181539331997202, 0.189236089893441, 
0.0103093551742575, -0.0394734005607322, -0.0122160503564037, 
0.0614850809096065, -0.0680990913491439, -0.00223908588522164, 
0.119028830585431, -0.108579684737812, 0.0103513239010773, 0.00651421811187134, 
0.0133134423789713, 0.0245626562398146, 0.0355320001855086, 0.0468090747372366, 
0.0567697636045285, 0.066115120900397, 0.0752481253084468, 0.0843129266564432, 
0.092718039810947, 0.101179419984257, 0.107110103976838, 0.112423432381608, 
0.0593184128571271, 0.051046949730121, 0.0415502255836457, 0.0309506258900753, 
0.0214908634681904, 0.0168043735165775, 0.0170402729540052, 0.0192221911554722, 
0.0164281399256957, -0.00128259080372197, 0.00800080316148675, 
-0.00271339475389207, -0.013712351827786, -0.0254794304356345, 
-0.0364805833587725, -0.0458220382514492, -0.05539264448345, 
-0.0658778636075015, -0.0756732740472018, -0.0866018804280588, 
-0.0936811039133381, -0.0982975646187892, -0.0681795014813691, 
-0.0621473884883519, -0.0546786228423734, -0.046859104593497, 
-0.0404366612747612, -0.0383619487227005, -0.040474311342014, 
-0.0458642737107874, -0.0456165545067585, -0.0313953727081153, 
0.188891314521829, 0.186554563432384, 0.16855929064691, 0.0558022664596737, 
0.0514148716585184, 0.027393752425097, -0.0444813345515906, -0.0612497882716187, 
-0.146251333065458, -0.100535229352705, -0.145983384004497, -0.145033391600813, 
-0.142862911977743, -0.141182540251295, -0.134743834817676, -0.126100733193187, 
-0.115021950164429, -0.102460340043835, -0.0921251157755561, 
-0.0842690920727674, -0.0726229406468306, -0.0569194815255001, 
0.0598887232079637, 0.0761909905796271, 0.0900145543901816, 0.10321804879488, 
0.117762090163187, 0.133188946196204, 0.149178340711955, 0.165070225578119, 
0.182244840006536, 0.195908373177954, -0.14732219386219, -0.147939045798718, 
-0.146947204253479, -0.146938927027956, -0.142156609123843, -0.136206969024522, 
-0.125769738371421, -0.11437578222613, -0.104108889672844, -0.0986807714797181, 
-0.088953840861175, -0.0741062073121895, 0.0547825089296683, 
0.0708220721948755, 0.0857623434920653, 0.100071561375005, 0.114646450528454, 
0.130097132467694, 0.145801819006478, 0.161377631425263, 0.17743206167633, 
0.193274807282831, 0.0037070877054669, -0.0337109711528716, -0.0112583959714771, 
0.0502932943078738, -0.0594669440678126, -0.00176445393456195, 
0.104736483491762, -0.0972185156528637, 0.0124744745618344, 0.00817735492180187, 
0.0143722770827003, 0.0264943242552479, 0.03820137338013, 0.050277724175741, 
0.0615219974865845, 0.070489424509431, 0.0779171807505193, 0.0812257854010532, 
0.0848819106713133, 0.09114160000994, 0.0991498576780243, 0.10399899506893, 
0.0486773968725086, 0.0446353265120301, 0.0351782683993663, 0.0257938723492897, 
0.0188962627516767, 0.0147360240768043, 0.0124920194054904, 0.0109455140951775, 
0.0100614042298766, -0.000367430861782823, 0.00853418046026961, 
-0.00328589588918174, -0.0150778397960016, -0.0272717359943454, 
-0.0387547027343096, -0.0495017299957105, -0.0579663043655042, 
-0.0644190577407038, -0.0685083436374184, -0.0755822405907391, 
-0.0859792289698602, -0.0940501506088232, -0.0593811308480678, 
-0.0556971526596796, -0.0495089047224755, -0.042883261358021, 
-0.0375724875590182, -0.0357919894292898, -0.0354369975634683, 
-0.0365654262054221, -0.03855233685922, -0.0334377854422135, 
0.19644620741124, 0.180212839231361, 0.159194998169062, 0.0573238310226472, 
0.0493479970204218, 0.0143609714876515, -0.0520020764502181, 
-0.0705957735748447, -0.139119321741472, -0.0897102435768655, 
-0.140503259476531, -0.139566424451471, -0.139163960803556, -0.136974288951308, 
-0.133026555924128, -0.126287089202661, -0.119800540600376, -0.110574985475826, 
-0.0966768558036954, -0.0828611558377592, -0.0711222401153557, 
-0.0598490284819006, 0.0616282100433385, 0.0783019548782214, 
0.092925449224727, 0.105771678032432, 0.118978598818097, 0.133261368009403, 
0.148730168326807, 0.164291750000215, 0.183872358259877, 0.198756610815898, 
-0.139346292910252, -0.140716729718691, -0.14250276501075, -0.142033536943729, 
-0.140189795809975, -0.135849536880267, -0.130524098180568, -0.123338919174442, 
-0.11195586511075, -0.0982374843301421, -0.086057241906237, -0.0755112976923574, 
0.0536888684447702, 0.0700550445439602, 0.085591064818066, 0.0993042638188777, 
0.11378038416858, 0.129515718194044, 0.145288343312276, 0.160026769738022, 
0.178768908793727, 0.194673007552404, 0.00179780021456967, -0.0394231346553669, 
-0.0135067464642206, 0.0571029678045772, -0.0606564702256658, 
-0.00188289421867045, 0.106056158381891, -0.0951506842957979, 
0.00916156768847711, 0.00460406627345461, 0.0149337763562469, 
0.0261988171839325, 0.0376195010934287, 0.0484644557113316, 0.0591062545115812, 
0.0679467537543415, 0.0767665273813999, 0.0868382005252601, 0.0943246581072183, 
0.0982074217302853, 0.100761867243016, 0.104196010043735, 0.0548777826746136, 
0.0495725238660066, 0.0395181345184571, 0.0297123089806838, 0.0212681471695672, 
0.0152437792063217, 0.0123013838937776, 0.0143410525933183, 0.0140534853666053, 
0.00169748296095242, 0.00725808115836166, -0.00497654323187671, 
-0.0158058774612382, -0.0266331730440915, -0.0374593675863904, 
-0.0471294961369801, -0.0567732693855834, -0.067603631372768, 
-0.0778786086280173, -0.0851385176650055, -0.0888849101125418, 
-0.0938356620071347, -0.0609408172539196, -0.05746137724811, 
-0.0515500932529744, -0.0434767765616834, -0.0374504496230123, 
-0.035845658730897, -0.0364826781009876, -0.0400639844042775, 
-0.0457933052810393, -0.0321268394451618, 0.215087929515306, 
0.213704045843026, 0.183688450007225, 0.0508647196604323, 0.046174169814294, 
0.0362206207045419, -0.0738591965714572, -0.0832479699427357, 
-0.153429952348996, -0.12771883150216, -0.153395245805944, -0.150555369359665, 
-0.147758108732576, -0.142464136040586, -0.134732268813038, -0.127279871453398, 
-0.116958558305624, -0.102680336240473, -0.0915936775711229, 
-0.08186304998243, -0.0696850760036575, -0.0528924101169338, 
0.0548483738356059, 0.0698340559772342, 0.0854959049273169, 0.101430070868908, 
0.117881637724584, 0.13555697542361, 0.152807475329634, 0.169858606696299, 
0.186290221360414, 0.201203447658296, -0.15380539268407, -0.152926634951881, 
-0.152204006997874, -0.14904603561012, -0.143268320089042, -0.136169314624724, 
-0.125191493027286, -0.111645993606592, -0.101475928784905, -0.0920657132099763, 
-0.0806609282009162, -0.0651873945679094, 0.0515288942420866, 
0.0672438340940286, 0.0832662830952185, 0.0997854630808858, 0.116758964209269, 
0.134179739460141, 0.150954717480197, 0.167535799679234, 0.183411351155651, 
0.198149463302656, -0.0100977112039242, -0.0259680197655722, 
-0.0155956254436267, 0.03517987943062, -0.0410124310204493, -0.00474025050345206, 
0.0761537722170776, -0.0610080389614241, 0.0111727816845413, 
0.0086195424120426, 0.0140115589057402, 0.0263575785631125, 0.0381131478197536, 
0.0478982217238013, 0.0561869649900628, 0.0615138803007731, 0.0639493630644548, 
0.0680332982276888, 0.0755194882618265, 0.0788714969936053, 0.0797044145706985, 
0.0834171187924297, 0.0345400553558497, 0.0284327207025799, 0.0215775613274704, 
0.015322505057156, 0.00894709910133172, 0.00536463956189346, 
0.00321239741673086, 0.00121298169003941, 0.000701622953566646, 
-0.00225431397149271, 0.0092167561878178, -0.00327065772000683, 
-0.0151235822553353, -0.0265450826090154, -0.0346090208279729, 
-0.0396466669798733, -0.043490169552166, -0.0496316371736878, 
-0.0582006880293024, -0.0624481842479254, -0.0670619659012032, 
-0.0733341468483462, -0.040347300634881, -0.0376196563712523, 
-0.0339668434106635, -0.0307853729359762, -0.0280321294027045, 
-0.0279617970987841, -0.0287988203060591, -0.0298325424092246, 
-0.0313105102128395, -0.0305376815155035, 0.198235623425867, 
0.196511727309294, 0.17761312875469, 0.0581675569006944, 0.0513090904199314, 
0.0371943281540325, -0.0540364627561168, -0.0626571398716752, 
-0.156176346620033, -0.127680141327485, -0.155739002471716, -0.15198139441853, 
-0.146579339185229, -0.141308219313638, -0.135263729253034, -0.126738561143278, 
-0.115095439901228, -0.103743195403031, -0.0914533294959208, 
-0.0793819904169146, -0.0671895166680001, -0.0548227966771665, 
0.0588469144580134, 0.0744312300900513, 0.0900225410160094, 0.104203237213196, 
0.118156693215092, 0.13360221650022, 0.150383009494167, 0.166498977423054, 
0.1817654123656, 0.195318113126114, -0.156077729951679, -0.154155240108834, 
-0.150238568065055, -0.146267689314622, -0.142612962828484, -0.135172643323865, 
-0.124414224763224, -0.113627706811842, -0.102321222468101, -0.0908821754024193, 
-0.0792737734579254, -0.0674100915409282, 0.0538295174592044, 
0.0696387740918507, 0.0854260831677287, 0.100464746260745, 0.115419420994816, 
0.131429266168125, 0.147786220848785, 0.16372106073778, 0.179041374173136, 
0.193284369191778, -0.00773626975520466, -0.0252036696650614, 
-0.0153765658174982, 0.0450431435415622, -0.051292794026812, 
-0.00463517068811486, 0.0847236384702773, -0.0738793801539768, 
0.0122459345472878, 0.00930555387187584, 0.015264907578795, 0.0274098156285188, 
0.0384617049875305, 0.049587684384899, 0.060276939211222, 0.0689362021618663, 
0.0729289313545166, 0.0778814810812475, 0.0802245280061745, 0.0825911252665993, 
0.0849509899120099, 0.0851678333954817, 0.0452353646355534, 0.0395641182775761, 
0.0344676944493734, 0.0261371913737981, 0.0172108996809443, 0.0105404606561927, 
0.00782805117345695, 0.0054472886370351, 0.00217524531516352, 
-0.00475733782914954, 0.00827434492369343, -0.00413935682612313, 
-0.0156305100241907, -0.0271634758960503, -0.0385121454880826, 
-0.0476294151165414, -0.0533473315827606, -0.0591512832639062, 
-0.0639673030410631, -0.0677074026686278, -0.0713831888782029, 
-0.0735558037337312, -0.0514908792458551, -0.0493997403708004, 
-0.0475756062490698, -0.0418911068970456, -0.0359295935873547, 
-0.032968259698909, -0.0328295340539293, -0.0335503254091291, 
-0.0327870765528149, -0.0283905460026462, 0.195346925740593, 
0.194001921973257, 0.169818635944798, 0.0604952128882691, 0.0540431271086618, 
0.0305240925834332, -0.0459713507367403, -0.0564017650602755, 
-0.157320230289007, -0.133738395947283, -0.15705179026681, -0.15290574086907, 
-0.147748522338187, -0.146079769434462, -0.137638733233873, -0.124890892229513, 
-0.113775989831616, -0.102200966186278, -0.0903290606832737, 
-0.0783813975723388, -0.0661913487992722, -0.0541520826478868, 
0.0603404863432102, 0.075295288450039, 0.0900805617609069, 0.104832090947301, 
0.119193742805525, 0.134985399123127, 0.151139304521697, 0.167358978211357, 
0.1824650631214, 0.195546955081639, -0.157243390843133, -0.154969396191692, 
-0.151510335339022, -0.152546119057026, -0.145120424404469, -0.133304690162157, 
-0.122881597729605, -0.11197371481226, -0.100829897203988, -0.08974627524509, 
-0.0780598587138113, -0.0665445298552318, 0.054451446807867, 
0.0700824142647192, 0.0856629741972258, 0.101122508751127, 0.116200664582121, 
0.131915914194632, 0.1478617284985, 0.163808604013331, 0.179353082394338, 
0.193581141374295, -0.00559619979558116, -0.0275134004320586, 
-0.0148927778418424, 0.047363969777635, -0.0543283809189579, 
-0.00407526557417783, 0.0806380914674963, -0.0701492996638673, 
0.0119595026769922, 0.00922462176301042, 0.0158738991278867, 
0.0281824577755523, 0.0390602988623138, 0.0516892516699753, 0.0644173353744219, 
0.0682055872609801, 0.0723407022886379, 0.0760175721187719, 0.0788386395170872, 
0.0807755637100301, 0.0812397910382862, 0.081052584590666, 0.0479479783961961, 
0.0410959719655905, 0.0339238253357317, 0.0265422843220824, 0.01858699826631, 
0.015000801722844, 0.0119706204113657, 0.00953418664253539, 0.00446959365032013, 
-0.00384581518936104, 0.0078825941913044, -0.00464464814906837, 
-0.015907481962312, -0.028866499032973, -0.0422347792568498, 
-0.0467693470613404, -0.052333572081112, -0.0574974837012554, 
-0.0622977560558015, -0.0663945699471888, -0.0688790491498885, 
-0.0701236003412086, -0.0546728899607437, -0.0509420342227489, 
-0.0470691189903188, -0.0428264337583992, -0.0379422343804582, 
-0.0370466282403734, -0.0365252083389045, -0.0364357698165581, 
-0.0347061452656768, -0.0293183347949972, 0.19667086122405, 0.196131357513554, 
0.173395697433795, 0.0608009757679168, 0.0521564309050011, 0.0382624779119989, 
-0.0483525499911885, -0.0624703122760451, -0.157729454065559, 
-0.128725797479697, -0.15747146911971, -0.153979075662034, -0.14833391756908, 
-0.14223012252533, -0.136249082959758, -0.125592575435587, -0.114040665427134, 
-0.102399760171435, -0.0904168550871902, -0.078394954817341, 
-0.066318455501854, -0.0545125174668983, 0.0591698706954735, 
0.0746735716263439, 0.0900194597876341, 0.104740854241886, 0.119019738020558, 
0.134677858429829, 0.150995312349759, 0.167034042927585, 0.182418271303871, 
0.196313456252831, -0.158025488620749, -0.156622644031812, -0.153029730518724, 
-0.148633806700949, -0.144782207389448, -0.13496459600849, -0.123835889056736, 
-0.112930893835104, -0.101700974275224, -0.0902888200624859, 
-0.0785786186056911, -0.0668493618077343, 0.053957860051175, 
0.069776419682852, 0.0854812809750759, 0.100868285666485, 0.115948809322491, 
0.131739077018182, 0.147882852501053, 0.163729263617716, 0.178864903051972, 
0.192731608189899, -0.0059846985298484, -0.0241086578544088, 
-0.0145046844575062, 0.0445129825407409, -0.053446689937953, 
-0.00479427099647377, 0.0805296152266972, -0.0714753621157933, 
0.0122515766329865, 0.00908120082789495, 0.0160814023202325, 
0.0288022008567091, 0.0401035523470505, 0.0508092181531002, 0.0622119139030363, 
0.0684256202551669, 0.0722647527712977, 0.0758489442412672, 0.0782637854887751, 
0.0801031361776133, 0.081552241205131, 0.0812396851961079, 0.0449519638565075, 
0.0390021432657225, 0.033176012639422, 0.0260568096495852, 0.0178747938556196, 
0.0127913378872261, 0.00972042989546143, 0.00667694834981219, 
0.00286063485906753, -0.00386403165742252, 0.00869515922444059, 
-0.00424293334576394, -0.0162646033365626, -0.0277073318323329, 
-0.0398819301564213, -0.0476096002470539, -0.0523822295652751, 
-0.0577526593854169, -0.0624615172772189, -0.0660010921989738, 
-0.0689743258034662, -0.0715117660657198, -0.0531341056513887, 
-0.0499702945824591, -0.0467732088469304, -0.0424858890078369, 
-0.0372288393484918, -0.0344539614108922, -0.0342656286427932, 
-0.0333572878459341, -0.0319251929003778, -0.0273252686259565, 
0.197233490948357, 0.195428078088863, 0.174613279467892, 0.0570394726862558, 
0.0518572022189809, 0.0329427712006335, -0.0470220901582083, 
-0.0579254411007868, -0.157084607081986, -0.130599770000571, 
-0.155759338033977, -0.151968650803326, -0.146876867960955, -0.142615430240182, 
-0.137372978814032, -0.125709204895251, -0.114206449298882, -0.102512930899465, 
-0.0903938532759185, -0.0782590743240207, -0.0660097116873397, 
-0.0540255490255256, 0.0593406156991635, 0.0743072030884552, 
0.0891162893484568, 0.103469762630427, 0.118553203914445, 0.134539676305116, 
0.150761609771487, 0.166625822707054, 0.182017103632948, 0.196255374577903, 
-0.156481204399679, -0.154312225605596, -0.150966646783762, -0.148048913925693, 
-0.145895746579593, -0.13539573122153, -0.124137234631201, -0.113375982375521, 
-0.101908421941406, -0.0904347432474681, -0.0786500749449339, 
-0.0667666839793758, 0.0540876262910818, 0.069705746592463, 0.0849542999382008, 
0.100121529577147, 0.11557474198593, 0.131768998354511, 0.147786989659472, 
0.163595305359666, 0.179076937147261, 0.19394242604402, -0.00596123024063113, 
-0.0269770819401865, -0.0140526917454145, 0.0457199352382855, 
-0.0523954321769763, -0.00347533438261973, 0.0816953981135927, 
-0.0726987544496619, 0.0124298466538669, 0.00969460844996427, 
0.016141643674261, 0.0281391561059965, 0.0392983585364053, 0.0508991194238579, 
0.0634523991300419, 0.0700709372571524, 0.0742142174779969, 0.0780996851408565, 
0.080999702320744, 0.0826144568961995, 0.083560838053593, 0.0828832962758275, 
0.0451366192181016, 0.0386598250276199, 0.031881329579843, 0.0239172388776653, 
0.0169023690878245, 0.0128234870865946, 0.00995065807851441, 
0.00648441787251643, 0.00268999237555654, -0.00314748403644078, 
0.00822729068669223, -0.00406521346505837, -0.0157062820385653, 
-0.0275232054586626, -0.0406790691362042, -0.0494418274196359, 
-0.0544639366973096, -0.0602775903340687, -0.0649826866520448, 
-0.0687533940309325, -0.0719396639476538, -0.0727214652148361, 
-0.0526505111229243, -0.049217339342596, -0.0448334527529655, 
-0.0398333612384879, -0.0350257588874408, -0.034204201498013, 
-0.0346219738035854, -0.0339133807424713, -0.0328428505826955, 
-0.0301816533014874, 0.215034392929188, 0.212201279209447, 0.200784280373582, 
0.0405963021287773, 0.0331582828231232, 0.0285384189431175, -0.0634661355952754, 
-0.0705322506042869, -0.15229978271444, -0.119007558975866, -0.152330293554637, 
-0.150011322129043, -0.145887232578485, -0.139245248209115, -0.132700965810455, 
-0.125929484047476, -0.11711908797462, -0.105493093169892, -0.0933290474588359, 
-0.081345469141566, -0.0691417206871325, -0.0574455214521884, 
0.05613785616146, 0.072175059449188, 0.087240458163093, 0.101461269067786, 
0.116758063286421, 0.133958993947871, 0.15066592366115, 0.167411683357385, 
0.183795607745127, 0.199024903889426, -0.15271980995846, -0.151644976449731, 
-0.149438619690706, -0.144164992536961, -0.139956681460754, -0.13437236459842, 
-0.12642905972047, -0.115579585523199, -0.104086980339691, -0.0926268298288267, 
-0.0811001410490586, -0.0698821654531928, 0.0523983578408821, 
0.0680679869862275, 0.083640294677706, 0.0986584305968481, 0.114767937856569, 
0.131858617735479, 0.148229513834438, 0.164670455942181, 0.180467414434344, 
0.195584635671967, -0.00766395346153041, -0.0281552875746434, 
-0.0164574984747048, 0.0451967121268524, -0.0495642324651219, 
-0.00310297051773572, 0.0782525323510405, -0.0663645816684433, 
0.0124363553381707, 0.00954064543123247, 0.0142465367126517, 
0.0263044732210089, 0.0370807830542062, 0.047011664215417, 0.0571984168688059, 
0.0655813930601598, 0.0724953102965508, 0.0756455037252701, 0.077793559910921, 
0.0792687995650462, 0.0795877910794538, 0.0799781003151599, 0.0395374475065276, 
0.0345379017851543, 0.0292740618330621, 0.0215143359738746, 0.0129412817409699, 
0.00927574502197469, 0.00656285078308053, 0.00431789263133512, 
0.00423272553534099, 0.000741299038852674, 0.00897047885115564, 
-0.00319134338832641, -0.0143517067306541, -0.025012681967953, 
-0.0360632366722857, -0.0445695237219293, -0.052474755396863, 
-0.0576824216463057, -0.0614764357239772, -0.0643695131582637, 
-0.0662546939093176, -0.0667044823139681, -0.0479702677655291, 
-0.0450344594689735, -0.042410396541277, -0.0375036568562584, 
-0.0318108405067897, -0.0312721061761222, -0.0312377174579831, 
-0.0318153508940874, -0.0339094211099164, -0.0331010624043155, 
0.193919748165576, 0.192117453454225, 0.172919178118655, 0.0628300025840568, 
0.0577362002201797, 0.0439562408269898, -0.0442076613891124, 
-0.0546815565619312, -0.163020652857923, -0.124563109454951, 
-0.162233917224134, -0.158233534623371, -0.152139398992215, -0.146524426666357, 
-0.136618768770599, -0.124499171490172, -0.112943385743283, -0.101274200468922, 
-0.0894522552559072, -0.0776818461434398, -0.0658256913789966, 
-0.0538680979120092, 0.0598228271628947, 0.075012848874949, 0.0896945312339127, 
0.104182848657757, 0.11891861407821, 0.134751224744224, 0.151109479726472, 
0.166796993711991, 0.181745530909878, 0.194768348841414, -0.162685802212779, 
-0.160060250432061, -0.156087583617787, -0.152328808139924, -0.144415112710142, 
-0.133488029094093, -0.122251197163287, -0.111289179627471, -0.100276297447088, 
-0.0890504376267705, -0.077417996772834, -0.066056386286913, 
0.0545865965724723, 0.0701632268909871, 0.0855321390130017, 0.100832553656519, 
0.116092603404236, 0.132093400111764, 0.148088171203923, 0.163896224865194, 
0.178931230862683, 0.192676538172309, -0.00729479024437902, -0.0252757210254231, 
-0.0152042539308889, 0.0441634941015622, -0.0522015044222421, 
-0.00363748132670877, 0.0777393922767346, -0.0688479208774454, 
0.013476572223532, 0.00929643623628374, 0.0176954122624581, 0.0308468322286234, 
0.0421603555866914, 0.0542139304898029, 0.0650724756968041, 0.0687195674368759, 
0.070451538498354, 0.074241114469227, 0.0766052424551615, 0.0780844759849015, 
0.0785974916090602, 0.0779979694668551, 0.0458081159537988, 0.0396852011218102, 
0.0325977290576589, 0.0246273649997655, 0.0172413652532676, 0.0125282103137473, 
0.0100690063780065, 0.0061462515918923, 0.00182575940073923, 
-0.00530660465846731, 0.00719053319924718, -0.00592787073035517, 
-0.0176569560653886, -0.030275483529145, -0.0417808896599231, 
-0.047462390011843, -0.0509981424014801, -0.0565642016596657, 
-0.0614044100314393, -0.0647247020509403, -0.0671803109311248, 
-0.0688259334578719, -0.0534247858256783, -0.0499715450471922, 
-0.0455900848673312, -0.0406943735239939, -0.0359701416294049, 
-0.0346812997834862, -0.0343608334589144, -0.0334372430757346, 
-0.0316275482819769, -0.0267544157844171, 0.193535762111346, 
0.192120561622281, 0.170523027433392, 0.0654924282141053, 0.0578526678469089, 
0.0291033214837575, -0.0474398807308989, -0.053598147906606, 
-0.1581710689121, -0.123239946023441, -0.157644279032676, -0.155825485963155, 
-0.153161290370033, -0.145748951365115, -0.13722609463977, -0.126151108310783, 
-0.115636067333994, -0.102931362387907, -0.0901835128242018, 
-0.0780386336976001, -0.0659258954421433, -0.0541456365815894, 
0.0605298105338409, 0.0755453258866881, 0.0903298427851798, 0.104603491512117, 
0.118290965515724, 0.13437833304987, 0.151058649273724, 0.166902444572858, 
0.181621516190954, 0.194128449032836, -0.158287424119393, -0.157444035109679, 
-0.154706537548179, -0.150293197480985, -0.142028086672401, -0.134079463333019, 
-0.124328415518967, -0.112737040660692, -0.100778172971827, -0.0892030740026984, 
-0.0774397064459516, -0.065926223687014, 0.0547018985889102, 
0.0702907706182476, 0.0857453325238381, 0.101065054024973, 0.116178584171638, 
0.132499309854238, 0.148551722839581, 0.164428557443497, 0.179625720332755, 
0.19321519160956, -0.00843576615494647, -0.0258855574753765, 
-0.015619045404268, 0.0448789885796535, -0.0515586555854989, 
-0.00310002380830598, 0.0793930465936931, -0.0677405873399, 0.0107356985556288, 
0.0077615530068914, 0.0147354310357086, 0.0273116691714422, 0.0409680815745149, 
0.0530694556488343, 0.0638287560818697, 0.069826826014818, 0.0765198337956755, 
0.080598035743333, 0.0822194341335465, 0.0823814414735942, 0.0818154468577031, 
0.0805044522094914, 0.0470312886387131, 0.0403501267518703, 0.0331983777050496, 
0.025217478051283, 0.0157195675628042, 0.00987509611569957, 0.00779629380978164, 
0.00489526008466976, 0.000832996969688421, -0.00619451267013869, 
0.00767540953099728, -0.00531089926170337, -0.0179045924361177, 
-0.0307011427632933, -0.0403176410292753, -0.0487438285370889, 
-0.0564393667969557, -0.0618626055725011, -0.0645569808409093, 
-0.0665328597438337, -0.0674235208446427, -0.068067519861852, 
-0.0522986823679193, -0.0488230897301357, -0.0447216620525563, 
-0.0405347775237777, -0.0347790129432383, -0.0333171804805151, 
-0.0339971686275011, -0.034014455237365, -0.0328101526674511, 
-0.0274487579398878, 0.203151784470975, 0.202103251137595, 0.186674249437586, 
0.0509045857255238, 0.0431881196329028, 0.0258967391070721, -0.0695610039817374, 
-0.0827105441653998, -0.147645224323117, -0.1161366501387, -0.147915236713779, 
-0.144478246965912, -0.141208760269474, -0.134639399507483, -0.131055963906009, 
-0.127874963467114, -0.119688368888578, -0.106814071697514, -0.0945265389683285, 
-0.0823121858067599, -0.0697419210289476, -0.0579640988043133, 
0.0582708239447721, 0.0733723277524359, 0.0883383815532491, 0.103001886151714, 
0.118602462180415, 0.135040484421036, 0.151524459505651, 0.167368483276405, 
0.184258545515265, 0.198739945367379, -0.148250981712184, -0.14639687221379, 
-0.144199315598468, -0.139494903055516, -0.137987547477113, -0.137538254491068, 
-0.130683698661256, -0.118143886588108, -0.106277410381965, -0.0945335673892441, 
-0.082408910829443, -0.071013212910171, 0.0525811266312019, 0.0682582085256132, 
0.0838599609910355, 0.0994668857444159, 0.115589223250072, 0.13189443443301, 
0.148060889864245, 0.164529349996279, 0.180576969059323, 0.195948162266321, 
-0.00772629397330727, -0.0253330591606695, -0.0157019870331741, 
0.0497956201756113, -0.0558146751204174, -0.00294848603277893, 
0.0837532821195142, -0.0696832717531738, 0.0110460291731791, 
0.00798152336965668, 0.0129235472652752, 0.0245506548247366, 
0.0351808697118563, 0.0462112448422857, 0.0586650701970039, 0.0677715832216722, 
0.0761968249502408, 0.0789669209290044, 0.0816110322431471, 0.0838846213956323, 
0.0846896227376917, 0.0859547657537452, 0.047246990082292, 0.0400613965268511, 
0.0326809077924956, 0.0243555663493785, 0.0179782574956531, 0.0153117982495355, 
0.0119306365727064, 0.006358914977372, 0.00681201436789535, -0.00116144748165523, 
0.00982585922651161, -0.00169747499054098, -0.0124993468819297, 
-0.0247805467765604, -0.0379138341741139, -0.0469172330263449, 
-0.0570149892928853, -0.0619499913712851, -0.0659190256430121, 
-0.0696020193186611, -0.071467505627021, -0.0719396357342971, 
-0.0538689472173776, -0.0496194377237065, -0.0450562574717811, 
-0.0396784571693695, -0.0364367910661634, -0.0372419503872869, 
-0.0355238018416466, -0.0334876223039571, -0.0383032651953335, 
-0.032458200782494, 0.189126429937555, 0.187179333494946, 0.162391766511582, 
0.0640782274281424, 0.0569828798707205, 0.0345181370200573, -0.0384116195664965, 
-0.0514651317095398, -0.160890096885218, -0.130805761546745, 
-0.160485006174346, -0.157244156023249, -0.151950522421783, -0.144284918749993, 
-0.135807918470698, -0.124119762455058, -0.112945373297911, -0.101241811182996, 
-0.0893254432249107, -0.0773889713746042, -0.0652907503532373, 
-0.0531316617568893, 0.0621207028267653, 0.0779587026452709, 
0.0929937618791872, 0.107013832608789, 0.120425685365676, 0.135517665806363, 
0.151555491492835, 0.16713476359677, 0.180996771666375, 0.191577994402775, 
-0.161163679643211, -0.159720095253042, -0.156065117676678, -0.151490789528479, 
-0.144603827953858, -0.132749479169117, -0.122457611998597, -0.11147935929334, 
-0.100130334470734, -0.0886402691149197, -0.0770349133569214, 
-0.0654925386946594, 0.0560317138280205, 0.0717525363837135, 
0.0872389316578998, 0.102113297338565, 0.116687962341283, 0.131888858428096, 
0.14775375687268, 0.163411861881808, 0.177877867371696, 0.189487988689659, 
-0.00616243247658206, -0.0252563082739807, -0.0141299099399567, 
0.0511759872704529, -0.0597904220151421, -0.00430786175186978, 
0.0786161628767098, -0.0701827002719951, 0.0116839452007024, 
0.0084517993616581, 0.0166153766977903, 0.0298407902281921, 0.0426643256378647, 
0.0534587185474826, 0.0641457752608966, 0.0691479715049453, 0.0730947048429025, 
0.0767309077670025, 0.0799457673497488, 0.0801966078374069, 0.0794054121984775, 
0.0793402232698343, 0.0525985437302605, 0.0465043612400637, 0.0388665365935301, 
0.0301467143354648, 0.0220537063561938, 0.0184101253462192, 0.014778267688589, 
0.0098695230010324, 0.00345829538934865, -0.00597639669967434, 
0.00798267362837501, -0.00546589470413199, -0.0181015994807228, 
-0.0301748539535982, -0.0429963388924393, -0.0476347755099376, 
-0.0531814305073483, -0.0581833375002156, -0.0626570967644823, 
-0.0658653943312065, -0.0681146108817111, -0.0696235765499015, 
-0.0605688381160148, -0.0565050281206912, -0.0518493876909032, 
-0.0460495745662549, -0.0416282813634567, -0.040163980725489, 
-0.0389372308035138, -0.036593286430212, -0.0331375844652876, 
-0.0259450903744254, 0.198539029201789, 0.197202733296499, 0.178502166905728, 
0.0566823265155509, 0.0507037109877014, 0.0392104729878949, -0.0475906598480866, 
-0.0611094823621256, -0.15906057972635, -0.131966395997154, -0.15816112580841, 
-0.15383237005482, -0.147999102735165, -0.142674143047158, -0.135800104046274, 
-0.124703773740324, -0.113469367760411, -0.101861977832004, -0.089959250579862, 
-0.0781121401356131, -0.0662342419058283, -0.054610160773027, 
0.0589557763066769, 0.0744416783449571, 0.0894922401110945, 0.10408607924151, 
0.118573533247425, 0.13440520628815, 0.150717792805831, 0.166672962324807, 
0.182081514066627, 0.195976637517676, -0.158215686009833, -0.155975206702358, 
-0.152097624787406, -0.149093016203901, -0.144485844968713, -0.134383290625307, 
-0.123671179473651, -0.112561172670897, -0.101660836757049, -0.0906024946363078, 
-0.0788655835118956, -0.0670365062216667, 0.0538970594728005, 
0.06956556438042, 0.0851616676931375, 0.100504922331357, 0.115667166664581, 
0.131548213209361, 0.147722684460013, 0.163677049697499, 0.178908269161995, 
0.192896861700514, -0.00859882884773743, -0.0239797051238248, 
-0.0142512309346699, 0.045361084724089, -0.052776312858905, -0.00429188465299014, 
0.0799464060029867, -0.0719825724103939, 0.013111049564149, 0.0095285852406782, 
0.0170598007258953, 0.0292054937587863, 0.0401587456536745, 0.0513624975876815, 
0.0625617277687538, 0.0675606628205465, 0.071134060753576, 0.0750746842608292, 
0.0780326324176742, 0.0804991076449021, 0.0820468748912103, 0.0808127281982088, 
0.0443097621692196, 0.0385907490785281, 0.0323181278288874, 0.0249305959689058, 
0.0168020147289544, 0.0116887517067596, 0.00863839707053935, 
0.0053487345708474, 0.00179021149539393, -0.00427813702381679, 
0.00831183772803511, -0.00411357545846433, -0.0156766442892189, 
-0.0276815331165092, -0.0398373821794637, -0.0468032689685085, 
-0.0519050504283472, -0.0574522530449906, -0.0630175846219129, 
-0.0674113799903878, -0.0703702262061584, -0.0721224124562539, 
-0.0525890399067627, -0.0492132123595591, -0.0457489757007755, 
-0.0411647890274268, -0.0359759767236539, -0.0331045438047331, 
-0.0321798848671523, -0.0316465188259092, -0.030832476569752, 
-0.027179923961434, 0.206934253988019, 0.205111434686051, 0.198664623334744, 
0.0506561450035319, 0.0450693587576594, 0.0344866417508541, -0.0672664036349115, 
-0.0781778194160595, -0.148708713338092, -0.135434610244864, 
-0.1487705319599, -0.14625374002621, -0.144547773146964, -0.140759478052951, 
-0.135825440906006, -0.128003100765673, -0.117080141580432, -0.10500527375949, 
-0.092799243614178, -0.0809428086561474, -0.0679212029898597, 
-0.0582944813605928, 0.0569171096332094, 0.0724056791051281, 
0.0876488342968451, 0.102826247582285, 0.118308236032477, 0.134791033805149, 
0.151178009116862, 0.167239300531835, 0.184026917554757, 0.199132728264989, 
-0.149159938574957, -0.14886693490542, -0.148897177455562, -0.147389710870906, 
-0.144233965155149, -0.136995338016808, -0.126559057278692, -0.115204624908031, 
-0.103261430597294, -0.0918478187848078, -0.0787688883677371, 
-0.0704083089020432, 0.0523927067833599, 0.0682371823305753, 
0.083841323022158, 0.0996626719502967, 0.115822781202047, 0.132045213844504, 
0.148166382144998, 0.164809705805301, 0.181040947351718, 0.195968489390384, 
-0.0056238971627943, -0.0288365839464424, -0.0161059673752147, 
0.0446414361875019, -0.0510537703339037, -0.00466470340981228, 
0.0764950733456984, -0.0629705986528048, 0.0111858614581924, 
0.0098140417356585, 0.0137320094244854, 0.0262239289247436, 0.0379939122595798, 
0.0491220492633141, 0.0594055812839034, 0.0665913182691192, 0.0692521433413647, 
0.0718804754535508, 0.0745740942393648, 0.0767146553471632, 0.0784595390734669, 
0.0813604800362485, 0.0424417549101688, 0.0363079698529781, 0.0298296271827135, 
0.0227601087772837, 0.0159884189744464, 0.0121802744639436, 0.00891728675005884, 
0.00381338879601713, 0.0023584608645326, -3.40838286111633e-05, 
0.00877578313877372, -0.00353158936402223, -0.0152977006428721, 
-0.0270102378712311, -0.0377172668328552, -0.0456499893822141, 
-0.0501004171894985, -0.053549476257884, -0.0574262959542589, 
-0.0609116604935263, -0.0649232609656757, -0.0693073924850929, 
-0.0499548372253253, -0.0468859240823908, -0.0429001594464863, 
-0.0383902007875556, -0.0352552378235298, -0.0343505872731508, 
-0.0323076114289635, -0.0311590036477863, -0.0322591034121798, 
-0.0326421160781893, 0.186746630341057, 0.182516593394105, 0.147693133237875, 
0.0706436994262003, 0.0676538130764073, 0.0594692247974986, -0.0567580351234829, 
-0.0684026652647688, -0.15266218717308, -0.124725154001974, -0.152433913774255, 
-0.153164382773903, -0.150634467084524, -0.144089405821346, -0.137288329778049, 
-0.127939664908501, -0.116057915554863, -0.104119752136857, -0.0924004994415938, 
-0.080456470522029, -0.0656978004539053, -0.0545830988341122, 
0.0630506837022296, 0.0796689610610638, 0.095363843617798, 0.10871821523461, 
0.120591123993409, 0.134921940317127, 0.150794184191849, 0.166684751939919, 
0.181033828305118, 0.191857112114815, -0.153106824178734, -0.154936645449337, 
-0.15492518491311, -0.151688184483666, -0.144612486433993, -0.136828449795303, 
-0.124498637200072, -0.11439608350523, -0.103018718041244, -0.0905643733191675, 
-0.077381889868123, -0.0670563657779486, 0.0562617041921414, 
0.0718088563995607, 0.0889302174124331, 0.10326657320866, 0.11641628520763, 
0.131130201887826, 0.147053887072969, 0.163112513798719, 0.178367647549142, 
0.19067196013301, -0.00164585749907587, -0.0306765303406072, 
-0.0133926409335398, 0.0578196951120153, -0.0643917452063386, 
-0.0049347101710776, 0.0812915114643869, -0.0709569070436636, 
0.0112962424603544, 0.00969469209727872, 0.0153079365911785, 
0.0273597447660789, 0.0398868849960176, 0.050856384862849, 0.0615159723900164, 
0.0715292762650391, 0.0704236435516634, 0.0767992543566071, 0.0783744721193553, 
0.0731474371680353, 0.0780455976376379, 0.0829805065725279, 0.0591083869951056, 
0.0535690068272517, 0.0442113079768815, 0.0336911548848333, 0.0244667553390154, 
0.0198565404502105, 0.0160406555665087, 0.0115019182438112, 0.0051267820210591, 
-0.00435572160808267, 0.00805403516123349, -0.00371478085200866, 
-0.016067136108343, -0.0284767054256781, -0.0400692080886422, 
-0.0487117553435764, -0.0507242409633179, -0.0586738545775119, 
-0.0618128960590326, -0.0597269960682504, -0.0661072606717101, 
-0.0726130352643407, -0.0651056745052911, -0.0634090455229481, 
-0.0573135116446486, -0.0494400159385857, -0.0436408143034856, 
-0.0421881433224956, -0.0406676248274016, -0.0389604568514598, 
-0.0354042024502522, -0.0287743242855866, 0.204506411383555, 
0.20210972925577, 0.160953214040837, 0.0523724658127291, 0.0452725052014408, 
0.0375404129974383, -0.0462064143094308, -0.0582742270993206, 
-0.155927341244511, -0.131379243197536, -0.155555462076, -0.153275970943427, 
-0.153062867031486, -0.147829985256983, -0.136346981448678, -0.125713777131108, 
-0.114628663863605, -0.101241148234569, -0.0898603581823456, 
-0.0794230759469513, -0.0661797238713684, -0.0529408165198728, 
0.059549415676258, 0.0747866979072989, 0.0900421372914099, 0.104624662122388, 
0.11906928566755, 0.135100875779919, 0.151514447242857, 0.167911737087445, 
0.184288966461448, 0.198791729470548, -0.155856586750742, -0.155049140886026, 
-0.158844312741467, -0.153549361418793, -0.144982500241844, -0.134736398543603, 
-0.123231551621602, -0.110494867393105, -0.0996883773365881, 
-0.0904642531026505, -0.0773878319982337, -0.0645985839044542, 
0.0540788313892759, 0.0698956183799379, 0.0855830016943723, 0.100938720477318, 
0.116173434377911, 0.132238460222042, 0.148491012757083, 0.164412072413887, 
0.18054126482585, 0.195942712359732, -0.00603017120626192, -0.0282561190208274, 
-0.0137261118452777, 0.0501450423941988, -0.0559268594380973, 
-0.00401285777559885, 0.0800635950722761, -0.0709890103195372, 
0.0117400224291867, 0.010449241852548, 0.0151398061025431, 0.0277850506207745, 
0.0400796828186824, 0.0543865514327186, 0.0619405858075264, 0.0669267159047733, 
0.0672233626443464, 0.0696341041300278, 0.0744297919465957, 0.0762329510214926, 
0.0749526322541841, 0.0783235127726351, 0.0466438529736303, 0.0400749012699529, 
0.0336517172702769, 0.0257192420558475, 0.0175663486962585, 0.0133800049815024, 
0.0101287166263315, 0.00898090124196254, 0.00697649651393198, 
-0.000609210325317992, 0.00860981973517866, -0.00342030342955152, 
-0.0161400548746021, -0.0308402091015829, -0.0405525756517328, 
-0.0457916649600369, -0.0467223929837577, -0.0522600096278283, 
-0.0586657058574952, -0.0624026666384511, -0.0622603341731795, 
-0.068365601595892, -0.0537819801613625, -0.0503515356151951, 
-0.0467111258397074, -0.0415133944331108, -0.0364696670752925, 
-0.0346144620004063, -0.0343577445383452, -0.0363149181447351, 
-0.0372810855209779, -0.0328168784152216, 0.203733582525901, 
0.202653557218607, 0.18340537791445, 0.0524272161230523, 0.0467169266544312, 
0.0362896174634898, -0.0522586684145608, -0.0640026531468846, 
-0.15760467910052, -0.134764272576427, -0.156774835362834, -0.152814216276324, 
-0.148311772878209, -0.142930841054328, -0.135908585578815, -0.125434755730956, 
-0.114291398339, -0.102686714505797, -0.0907059177772206, -0.0788534908410716, 
-0.0670331055526361, -0.0554590889883246, 0.0585313487801493, 
0.0742173711313413, 0.0892873813907322, 0.104103828877609, 0.118600660627533, 
0.134653289355825, 0.150848571976938, 0.166897148690352, 0.182500196578307, 
0.196720252431574, -0.157882899425929, -0.154644518480518, -0.151276143980883, 
-0.148237350834353, -0.143575578313898, -0.134379167629483, -0.123505334856274, 
-0.112458662826555, -0.101274448427618, -0.0901903684455421, 
-0.0786748615805782, -0.067143893658628, 0.0534768097108577, 
0.0691614402339236, 0.0847167882535588, 0.100146766382942, 0.11573177156586, 
0.131917291177153, 0.148107362711967, 0.164196302221907, 0.17974422654921, 
0.194293138036497, -0.0100530506049808, -0.0248583572268954, 
-0.0162200008931615, 0.0463732469979556, -0.0511006153157096, 
-0.00473417075371563, 0.0784231527189195, -0.068466228931296, 
0.0115295669562048, 0.00964423299411259, 0.0156454342387295, 
0.0277316949689725, 0.0393051275061316, 0.050602986792543, 0.0610636880700442, 
0.0660858967357669, 0.0698390827965137, 0.073262723399015, 0.0758482920287608, 
0.0780221307821248, 0.0794301587327927, 0.0791320616241846, 0.043857199332687, 
0.0385642468587099, 0.0320935546591477, 0.025039283415565, 0.0168415620983256, 
0.0121914652493405, 0.00842171015354898, 0.00488518288751043, 
0.00149753098087578, -0.00399930120905621, 0.00812659073641014, 
-0.00399502201318557, -0.0156391877706243, -0.027608121305217, 
-0.0388699642089811, -0.045571300902127, -0.0500363216515676, 
-0.0553427046116229, -0.0600289968712479, -0.0638511753170471, 
-0.0666203334035889, -0.0686104387162648, -0.0505529814463071, 
-0.0476264352802394, -0.0440513253180767, -0.0397553765451468, 
-0.0353829802163582, -0.0336083394545993, -0.0329409689551301, 
-0.0324066203358784, -0.0324251231776031, -0.0291023612792644, 
0.19488379062154, 0.192031437894314, 0.164289228396494, 0.06974547857881, 
0.0628913451070542, 0.03615013888475, -0.0680836479027145, -0.0817874600179077, 
-0.15025111215601, -0.0873271811914097, -0.150545269750398, -0.150477387580124, 
-0.150533590756504, -0.146683709733661, -0.136478245235127, -0.125342017768925, 
-0.117427502900173, -0.106052835123251, -0.0924285338538511, 
-0.0806685189183261, -0.0692659071370611, -0.0576389993770117, 
0.0611297142361313, 0.0763590527943517, 0.0909043286193917, 0.105593439033381, 
0.119464503974144, 0.134771581043384, 0.151319123705608, 0.168124841604566, 
0.185016359762693, 0.197489470623304, -0.151029914402266, -0.151976579070678, 
-0.156797707321735, -0.152114492950434, -0.144167192529524, -0.135440417594401, 
-0.127184810074678, -0.116433682479708, -0.103647132727381, -0.0923468035284194, 
-0.0814060610858407, -0.0701637756681889, 0.0528708221427044, 
0.069808227471867, 0.0861511658131125, 0.10033801585401, 0.1156173242027, 
0.131536333503197, 0.14806059525489, 0.163926377440432, 0.18059123154639, 
0.194636560726487, -0.00292836801106138, -0.0310342549294704, 
-0.0137966328285899, 0.0486766904362877, -0.0565466737988682, 
-0.00203202717805547, 0.0808271851536185, -0.0684554642791906, 
0.0107875653305136, 0.00650741288158223, 0.0155814225045406, 
0.0280241165249217, 0.0394381867925305, 0.0521343293549606, 0.057488073659324, 
0.0641471307095911, 0.0730382701642388, 0.0732295507507729, 0.0748394434186961, 
0.0800111153100753, 0.0823495389088381, 0.083109070895096, 0.0531852705996693, 
0.045568682953133, 0.037197392837248, 0.0290175555188646, 0.0198936115191539, 
0.0139098479228148, 0.012272054757536, 0.0121644946278174, 0.0076131578985926, 
-0.0029721808023751, 0.00817042864035945, -0.00490310724658072, 
-0.0152999235826932, -0.02805536806534, -0.0361485847265121, 
-0.0439978438423955, -0.0532242982767122, -0.0562848634475302, 
-0.0579734417165218, -0.0658433843596164, -0.0703225445168952, 
-0.074246581850739, -0.0588841248340134, -0.0567946130820007, 
-0.0506444786420007, -0.0433682405139288, -0.0378984811254906, 
-0.0339538008458235, -0.0354145538978377, -0.0396724430730217, 
-0.0376659557599726, -0.0308193648375396, 0.191788952690851, 
0.189936171090063, 0.170049857370801, 0.0602386017375134, 0.0536501887884179, 
0.0479245301563724, -0.0376513095365952, -0.0502423222132249, 
-0.16381635383139, -0.112132516223436, -0.164261601714425, -0.160822756455932, 
-0.153783839523933, -0.14501099279636, -0.136360806490314, -0.12499214156524, 
-0.11363221043575, -0.101537054584921, -0.08947701522765, -0.077610706444083, 
-0.0657474459565137, -0.0540657839114132, 0.0609305422599545, 
0.0762289689463408, 0.0914117233328509, 0.106041356516993, 0.1194063668437, 
0.134209395559329, 0.150204870270392, 0.165747777787556, 0.180186538664319, 
0.193205763851985, -0.165056952250753, -0.162050332648241, -0.157774568521589, 
-0.15177644306072, -0.144135520986555, -0.133346245229825, -0.122741667434304, 
-0.111453123825201, -0.0998074478296359, -0.0885980333791582, 
-0.076926344615665, -0.0659642445568273, 0.0547104642801006, 
0.0705730363665395, 0.0864766877067328, 0.101785746059928, 0.115998740321608, 
0.131192226668545, 0.146973771220779, 0.162632099492648, 0.17768553330903, 
0.191585869956306, -0.00608277172886556, -0.0263763457925622, 
-0.0142060812065476, 0.0501531809606955, -0.0564496893391362, 
-0.00454441098522484, 0.0762679206477186, -0.0675761704881611, 
0.0115377965759325, 0.00787246664632997, 0.0163458440581181, 
0.0311811334208751, 0.0445379955532344, 0.054316464063813, 0.0642901239553455, 
0.0696777794110397, 0.074271008825177, 0.0765265044451137, 0.0776531520921551, 
0.0785455600342183, 0.0786529023785983, 0.0779580442389761, 0.0499915928944677, 
0.0440307854684284, 0.0374328597775618, 0.0293299051427306, 0.0201771662459135, 
0.0146991166799255, 0.0117155718719277, 0.00749762306480915, 
0.00204439250506169, -0.00500643335507241, 0.00717084400395417, 
-0.0069563717436208, -0.0196031453905372, -0.0313847213231766, 
-0.042411693195695, -0.0482777176475659, -0.0536242404859459, 
-0.0577272037947508, -0.0608468510041049, -0.0640183547996911, 
-0.0661866845577875, -0.0685369107246112, -0.0571677067916543, 
-0.0544817994829187, -0.0509847530390195, -0.0452422338195921, 
-0.0389718559739519, -0.0364438611367363, -0.0357545757135869, 
-0.0343630770848481, -0.0322035437533237, -0.0284485306034325, 
0.218642788818685, 0.217809831749353, 0.199548627466253, 0.0392381598586941, 
0.0351247509075387, 0.0274202413969687, -0.0670903070026814, 
-0.0735023282930388, -0.154475554142697, -0.124548232340408, 
-0.154704737927855, -0.151591452662144, -0.146833493054839, -0.139600257980174, 
-0.132842495863546, -0.127436498706533, -0.117455360392259, -0.105687681356976, 
-0.093682975684737, -0.0820124784453384, -0.0685957953728567, 
-0.0561253940479265, 0.0556395092595483, 0.0715837771632366, 
0.0863892516895619, 0.100990903272116, 0.117027858688471, 0.134926827984265, 
0.151810807372906, 0.168806410691888, 0.185126076144538, 0.199838455302789, 
-0.154719737760243, -0.152918102539699, -0.149647681666546, -0.143799695288616, 
-0.139486971191379, -0.13525509397046, -0.125881696588824, -0.114875045126888, 
-0.103381272641542, -0.0920886833149089, -0.0804894331826426, 
-0.0697111332620544, 0.0528324867146639, 0.0682375417955377, 
0.0836101459151248, 0.0990043907668845, 0.115759222100653, 0.133266081002123, 
0.149889095644969, 0.166444237518561, 0.182358453666835, 0.197113656915648, 
-0.0112556962699939, -0.0240193181127535, -0.0159356648922514, 
0.0402386049504414, -0.0463588105060299, -0.00153194855170803, 
0.0743258087901171, -0.0617948165300207, 0.0118360390638768, 
0.0108515199173922, 0.0141433802545755, 0.026080176696594, 0.0366273549450017, 
0.0463865359899066, 0.057156084209191, 0.0657028356212249, 0.0694795418240003, 
0.0715437395151311, 0.0736301302889957, 0.0745336197954673, 0.0750592048600314, 
0.0792868255737142, 0.0351458829856098, 0.0306098672543851, 0.0250113792345482, 
0.018152908100474, 0.00984808971415999, 0.00663743042254955, 
0.00397501926323091, 0.00186780141432715, 0.00113648147993074, 
-0.00221207741779696, 0.00886245169580047, -0.00311101741456754, 
-0.0139302148532214, -0.0247154091657738, -0.0363586110732997, 
-0.0444145314854587, -0.0491813971367737, -0.0534103135546928, 
-0.056684315493151, -0.0595704325362775, -0.061448195998893, 
-0.0628241144896667, -0.0451361079852568, -0.0424837165418454, 
-0.0390774179421759, -0.0343001466008513, -0.0293191075774665, 
-0.028901605004334, -0.0289970968266835, -0.0296883335922655, 
-0.0309932742886689, -0.0304750220187991, 0.208870603873255, 
0.20780095612667, 0.189596999828798, 0.049021037964859, 0.04557594605148, 
0.0291060610570365, -0.0599881009702165, -0.0690103500225955, 
-0.154738272331803, -0.123488072294394, -0.154946113343019, -0.153243700620648, 
-0.147898179924767, -0.141138907908425, -0.134936941653641, -0.127415210571472, 
-0.116332886819939, -0.104253677224156, -0.0923175771940456, 
-0.0807918414077782, -0.0689146572228807, -0.0582777742956241, 
0.0573450890268282, 0.0732117749189629, 0.0881105305599046, 0.102947270190554, 
0.118341699160692, 0.135138404634506, 0.15195984617456, 0.168596333607727, 
0.184790697991439, 0.199440925382043, -0.155386568688264, -0.154803959737357, 
-0.151540777136854, -0.147309438374484, -0.142623167361434, -0.135589761163952, 
-0.125421540482171, -0.114254907056013, -0.102903672968884, -0.0915950423275863, 
-0.0802952896003494, -0.0688927985044732, 0.0533384935958889, 
0.0691021619264744, 0.084681641966185, 0.100061458040994, 0.115722285298295, 
0.132803625314263, 0.149256861593373, 0.165742524383403, 0.18146531886171, 
0.196280639677323, -0.010530551383256, -0.0256634724899858, -0.0146897600331576, 
0.0442968678362854, -0.0524419541911513, 0.000370541056457351, 
0.0727400110576152, -0.0616678381994387, 0.0127617911973363, 
0.012374527288999, 0.014946206090486, 0.027552506629473, 0.0384841188836169, 
0.0491862708102998, 0.0592484978675252, 0.0675379260135226, 0.0698183022912534, 
0.071426102010269, 0.0736325941703711, 0.0739247018987554, 0.0741346824574228, 
0.0731573156342739, 0.0407206101894615, 0.0355752434873406, 0.029134344629653, 
0.0218375609975008, 0.0141751562154213, 0.00979863501341891, 
0.00717158216375572, 0.00508879344714135, 0.00409296992660561, 
-0.00183326260941009, 0.00889023367612976, -0.00355527319162901, 
-0.0150945801236704, -0.0266449198033584, -0.0371055025865757, 
-0.045666919591077, -0.0502732259719205, -0.0545762179795902, 
-0.0577485497152177, -0.0599619150953563, -0.0613168261630521, 
-0.0616887607727054, -0.0512352800315097, -0.0477216184087297, 
-0.0434399650349009, -0.0388010271779632, -0.0326638611936724, 
-0.0315165991593286, -0.0312276444204963, -0.0313795050716448, 
-0.0329692111942228, -0.0306638513473703, 0.187372811751666, 
0.184936481632755, 0.1645914530262, 0.0696339758391893, 0.0632070383893127, 
0.0376282358569936, -0.0473518544212766, -0.0578133502402765, 
-0.158684010131432, -0.140687826230064, -0.157857519531961, -0.154849726481162, 
-0.152011641031473, -0.145669840643932, -0.135131162659608, -0.125055973360156, 
-0.113889108122205, -0.102462161990473, -0.0907080090991503, 
-0.0793471612624993, -0.066158745044839, -0.0538480051478423, 
0.0657291548118693, 0.0788220302777755, 0.0929583854921302, 0.107669464083907, 
0.119803143054928, 0.134273110923277, 0.150389861362615, 0.166353835238951, 
0.18154964750683, 0.193612513891396, -0.158311910003731, -0.156352342596714, 
-0.155562128222357, -0.151973027013247, -0.141811072391658, -0.133198212585091, 
-0.122591076478304, -0.112433697808787, -0.101155188829321, -0.0896399702524538, 
-0.0766780355730963, -0.0645379452910565, 0.0571306542214457, 
0.0713943823519562, 0.0873552838711321, 0.103671628338139, 0.116393302180332, 
0.131012614126901, 0.146825217043271, 0.162785350989732, 0.178464005511873, 
0.192207120669591, -0.00114215514654687, -0.0305522265175073, 
-0.0146147671207456, 0.0542553311358142, -0.0622018995316451, 
-0.00394576385805046, 0.0766738102530411, -0.0678835879143679, 
0.0112118410115526, 0.0109726280770098, 0.0157121400597717, 0.0277701403414686, 
0.0402579795588666, 0.0535575836295904, 0.0622055901788149, 0.0673393743024452, 
0.0717597027082246, 0.0759651335934849, 0.0780260731773071, 0.0759842025322435, 
0.0757073481519359, 0.0770857991719168, 0.0563972800038571, 0.0483541638968352, 
0.0406337762160392, 0.0319668207718649, 0.0215639505749217, 0.0166797357623811, 
0.0143557022196361, 0.0105923646431327, 0.00574892191485911, 
-0.00331645961913022, 0.00759695017463802, -0.00432779434204124, 
-0.0164875724182344, -0.0310613231219106, -0.0396109176039316, 
-0.045753066404683, -0.0519293948341943, -0.0583113143301759, 
-0.0601652146339965, -0.0610754403970718, -0.062503182593917, 
-0.0663743780805216, -0.0627892728591522, -0.0588596895507315, 
-0.0552447857767117, -0.0491091921107706, -0.0404529883498562, 
-0.0387110026423724, -0.0387971460813871, -0.0377130072346425, 
-0.0357954283934034, -0.0296453725939547, 0.196597413135967, 
0.195896025872348, 0.1748396402205, 0.0578755826610752, 0.0536837627872726, 
0.0353522888632642, -0.0461661638133009, -0.0570055281553122, 
-0.159234196329421, -0.128865619706361, -0.158768098454775, -0.156372013818674, 
-0.152712313609633, -0.145049024331378, -0.135302776517991, -0.124793079669698, 
-0.113703066015713, -0.102031930861904, -0.0898775724847397, 
-0.0779310525273737, -0.066094539248085, -0.0544840179722331, 
0.0595062745096201, 0.0749966614063233, 0.090030572458742, 0.104742509083578, 
0.119233032076254, 0.135003605722796, 0.151149120424872, 0.167076141808104, 
0.182385327057951, 0.195907831021352, -0.159273414974119, -0.158723592963175, 
-0.157277275670014, -0.150774773533985, -0.142451306198673, -0.133626009912744, 
-0.123159190102921, -0.112096406302839, -0.100619679775425, -0.0890614480499919, 
-0.0776463144591963, -0.0663879232265279, 0.0545267395666107, 
0.0702313835066474, 0.0856418037483607, 0.100794481550021, 0.116294695391703, 
0.132160708517446, 0.148167804402941, 0.164045725135273, 0.179426903367369, 
0.193922294389812, -0.00756528876383846, -0.0257076521396347, 
-0.0149273399034614, 0.0464330229877178, -0.0534944512236561, 
-0.00272910799485811, 0.076900400853433, -0.0675020109002699, 
0.0126372728799918, 0.0100702004803453, 0.0158370945531165, 0.0285276180616596, 
0.0416644952667163, 0.0537109498613823, 0.06222995819964, 0.0672815410416614, 
0.0715503470642191, 0.0740940817218325, 0.0758831164946198, 0.0775694663220462, 
0.0783940747483282, 0.0780660839771548, 0.0456110116783457, 0.039921408089576, 
0.0332272583272248, 0.0259683417456209, 0.0182211217288952, 0.0135763528736016, 
0.0101939717857562, 0.00673050549400834, 0.00288625319692133, 
-0.00399140732965544, 0.00861569105011862, -0.00411126724731164, 
-0.0178108470739228, -0.0303974133612966, -0.0392285058187322, 
-0.0466282393311246, -0.0522443308518053, -0.0567150862786797, 
-0.060144502773388, -0.0633099200730507, -0.0663141957017116, 
-0.0673871755342792, -0.0539564335819051, -0.0507408257347207, 
-0.0464261941822542, -0.0409522453005821, -0.0371082964452213, 
-0.0356291270166261, -0.0350579219344375, -0.0342035852887785, 
-0.0326143980871527, -0.0289038706115789, 0.196468846256751, 
0.192539549327193, 0.143276694827746, 0.0640492790602832, 0.0600241210798862, 
0.0304622715977188, -0.0667483108465636, -0.0784453529435195, 
-0.144256387789182, -0.118734096225649, -0.144222264198003, -0.14399967420011, 
-0.143122951609097, -0.140580389391158, -0.13520331393414, -0.128763033738131, 
-0.119158502457857, -0.105803595075344, -0.0940535557474541, 
-0.0822630583182945, -0.0695438528681718, -0.0563534954471482, 
0.0638200843575437, 0.0774225398020775, 0.0921153762451533, 0.10812122692625, 
0.120970033198391, 0.135422490823603, 0.151073064051153, 0.167140533735008, 
0.182842292566824, 0.196503273730422, -0.144415028138528, -0.146431689103703, 
-0.145750068651332, -0.145712194687761, -0.140861407605402, -0.139038483433552, 
-0.127223421220446, -0.115701923001923, -0.105107471101304, -0.0940287825109547, 
-0.0820842698474315, -0.0698129251801037, 0.05424655664774, 0.0703894931608512, 
0.0867600438342913, 0.101972075439376, 0.116561267096992, 0.131832480757085, 
0.14746041678072, 0.1631480959105, 0.178739776186494, 0.194057615872211, 
-0.00371492418152148, -0.0327562278133705, -0.0121919526412768, 
0.0568868585581774, -0.0622138828654754, -0.00245365890389905, 
0.087285555057241, -0.0743086335583988, 0.00850732293270753, 
0.00941277425053105, 0.0145025928515221, 0.0265878980625078, 
0.0378582463966535, 0.0487655031652083, 0.0590211723421017, 0.068235536514127, 
0.0774254426484117, 0.0779879784070831, 0.0819910396324805, 0.0860217376288596, 
0.087876093966629, 0.0887362585683858, 0.0574156259388152, 0.0488983844182703, 
0.0423145746971653, 0.0349768732637108, 0.0250371196659303, 0.0206310058607841, 
0.0160566366030847, 0.0124742291971778, 0.00735980252089813, 
-0.00144648151578162, 0.00667547000273985, -0.00428444301349006, 
-0.0155752381281003, -0.0267592284018395, -0.0374052827879193, 
-0.0486474215749401, -0.0544979422615386, -0.0588687301510013, 
-0.0653837020643625, -0.0706437474676954, -0.0741713473766228, 
-0.0775457695035011, -0.0634094728554635, -0.0601377125375676, 
-0.0559091355500648, -0.0499285458082476, -0.0456993104295506, 
-0.04297106216368, -0.0404176420754875, -0.038251594867329, -0.0360370184945147, 
-0.0333116241585633, 0.192199019164968, 0.189296149963146, 0.152278241072003, 
0.0616315894417724, 0.0582115851438016, 0.0451724629671046, -0.0582217883875058, 
-0.0721502310593116, -0.153540139414472, -0.121507303128298, 
-0.153542989995359, -0.150781377099019, -0.14722816143811, -0.142771399186137, 
-0.134299136456938, -0.125152023361648, -0.112860361192054, -0.104313094607006, 
-0.0915550770606763, -0.0804737035052315, -0.0664775209526416, 
-0.0558037321681435, 0.0626602655277219, 0.0778043385374111, 
0.0940843008865656, 0.108150032111977, 0.120832021247983, 0.134696621117725, 
0.150900480441455, 0.166804393071908, 0.181745450925906, 0.193812993470275, 
-0.153876917351727, -0.152651632763424, -0.151721033001359, -0.148385152791283, 
-0.143424974034731, -0.132740874377549, -0.123028272937243, -0.115659236086915, 
-0.102630762695054, -0.0919441405393841, -0.0786410359494548, 
-0.0685228001714181, 0.0542569168674274, 0.071561755680058, 0.0879845691828538, 
0.102714856311362, 0.116327630503111, 0.130832398547877, 0.146825994287558, 
0.162923564616978, 0.178475732186839, 0.191721508436306, -0.00427991482257171, 
-0.0294797979667371, -0.0129150138243532, 0.0575989465823111, 
-0.0636810912759312, -0.00357692686338191, 0.0845667493356219, 
-0.0725139649304649, 0.0122932030833065, 0.0106614475102501, 
0.0148119862595892, 0.0268367436859018, 0.0385910855407008, 0.0502487397875414, 
0.0591434145328429, 0.0650317504118984, 0.0682822232338705, 0.0776946692819307, 
0.0833545329351089, 0.0796959449201066, 0.0805664476435487, 0.0870328871505225, 
0.0571897019696721, 0.0506420617488514, 0.0439168339976938, 0.0335812649253628, 
0.0249910696679319, 0.0200289903537768, 0.0173257671408404, 0.0122946675067749, 
0.00643418992020744, -0.00318151245709416, 0.00850515256866123, 
-0.0034757996397555, -0.0154285993176148, -0.0279301692920836, 
-0.0386300965356411, -0.0429175038851657, -0.0502314633380534, 
-0.0609835159310423, -0.0685598763044808, -0.0650586998609968, 
-0.0681367722550918, -0.0760625211817588, -0.0647440314140351, 
-0.0621276444493387, -0.0561143922573382, -0.049166992183317, 
-0.0435199058768214, -0.0419235832994912, -0.0415163509675623, 
-0.0394130328973281, -0.0365903649756602, -0.0291609336917139, 
0.213060937470626, 0.212306356063645, 0.175699155098041, 0.0516604094503888, 
0.0464302739617434, 0.0422546296004138, -0.0796252701993506, 
-0.0903141272535415, -0.154396608942865, -0.13246917122045, -0.154650288229111, 
-0.150926549550954, -0.145992883532006, -0.138825620567043, -0.130968257510724, 
-0.122577222281903, -0.112136928047606, -0.101092390489173, -0.0925326922633918, 
-0.0835353679315057, -0.0707419875453349, -0.0567418708618578, 
0.0555819783791064, 0.0714936136138539, 0.086786297659063, 0.102280978043052, 
0.119366100641797, 0.136192149419247, 0.153122126486959, 0.169500236773874, 
0.185650077201528, 0.200700665136438, -0.154766680096822, -0.152691408028979, 
-0.14902454266901, -0.143835181541654, -0.137605354663912, -0.13103009607684, 
-0.121666440569429, -0.111443917924196, -0.10394451641076, -0.0964953959416007, 
-0.0829387833428236, -0.0678503395254164, 0.0525835390626687, 
0.0681355887554825, 0.0830729423345828, 0.0992090031545372, 0.117007416782906, 
0.133540318997267, 0.14975749809177, 0.16604767943165, 0.182076253065005, 
0.197303668542614, -0.0088350398939848, -0.0269114668258476, 
-0.0140555151045682, 0.0390458891382137, -0.0463280005203996, 
-0.00291525294117287, 0.07753401144252, -0.0637072418898996, 
0.0124839135460462, 0.0117793611674746, 0.0143933085179898, 0.0256984177008404, 
0.0353014237193936, 0.0431605747524804, 0.0506179317254585, 0.0564605696874067, 
0.0625514927069087, 0.070208553103956, 0.0785116450850331, 0.0844162081993666, 
0.0838844452085786, 0.084452168974342, 0.0372520747717996, 0.0318889115332529, 
0.0264880469636024, 0.0185826798534228, 0.0143220773895411, 0.0129313917152727, 
0.0115433839195888, 0.00769174193141726, 0.00423607740075936, 
-0.00107040534203793, 0.00969893597278628, -0.0017655333561059, 
-0.0118928675206138, -0.021499606142958, -0.0301719233358614, 
-0.0368887173310549, -0.0434612625586576, -0.0524146518863116, 
-0.0622527408570197, -0.0700858014276475, -0.0712759469633184, 
-0.073463955054032, -0.0452115571604728, -0.0431461418089428, 
-0.040114813386583, -0.0338340867941154, -0.0325577553275627, 
-0.0343988504716691, -0.0363213853158459, -0.0348510697783872, 
-0.0342254080181245, -0.0314782391142571, 0.19960879451386, 0.196754098519125, 
0.167805256194991, 0.0557601729922146, 0.051734880735212, 0.0331975189978048, 
-0.0705114048101306, -0.08054351817867, -0.145956103127672, -0.0867489218849349, 
-0.146410758338906, -0.145708537889383, -0.144926209572639, -0.141463558475505, 
-0.134300608898128, -0.126752058742228, -0.120448774942183, -0.106603389443694, 
-0.0941984963735399, -0.0825819607966386, -0.0703836814900891, 
-0.0573216805014524, 0.0600324765535326, 0.0751983035770115, 
0.0906060273236096, 0.106251903884616, 0.119499103839441, 0.132627963087975, 
0.149337311999197, 0.165760401043797, 0.182632651730652, 0.197984966602553, 
-0.147175046482188, -0.148744870557587, -0.149934506084926, -0.148036074706746, 
-0.142587457301448, -0.133457216456707, -0.128001409662267, -0.116686202249496, 
-0.105639074906387, -0.0956025343017906, -0.0829663201024134, 
-0.0703396150930497, 0.0546130684274367, 0.0699913639923265, 
0.0855015670750544, 0.101304133357197, 0.116029107752246, 0.130106354854898, 
0.146157683946685, 0.161996760298938, 0.178748104385217, 0.194790015685209, 
0.000119591764892479, -0.0303083784794396, -0.0140434917527349, 
0.0558032675137078, -0.0642814860689624, -0.0023679786055195, 
0.0865298374308043, -0.0739931492059613, 0.0113857114087321, 
0.00706281611589978, 0.0148403874906641, 0.0268450638194357, 
0.0381572814656741, 0.0485579206628824, 0.0575888297325471, 0.0665312134666574, 
0.0772382839031147, 0.0790111433570709, 0.0802422013773441, 0.0841991961507004, 
0.0898196237947753, 0.0865988942140681, 0.0534827326514387, 0.0469028155444561, 
0.0402854736908191, 0.0326188767071776, 0.0220960996423914, 0.0132976909778259, 
0.0103552411574526, 0.011165725867826, 0.00917743239964269, 0.00237007255503915, 
0.00725411880950204, -0.0043394557998611, -0.0153869419316135, 
-0.0263930495737463, -0.0355864062451436, -0.043221985725201, 
-0.0537038269858845, -0.0589073679847402, -0.064617265455814, 
-0.0716229582560264, -0.0756378289916117, -0.075828356226808, 
-0.0634886031036962, -0.0584621885675387, -0.0537168103985742, 
-0.0484421257376207, -0.0415454850926932, -0.0356582977457965, 
-0.0359658416375466, -0.0388707433235072, -0.039014824648765, 
-0.0341326961277356, 0.200048554174281, 0.198764470757129, 0.181261117600062, 
0.0562696514181782, 0.0510316334117196, 0.0440960494542579, -0.0518291717722304, 
-0.0636887659320926, -0.156304788438626, -0.128668813913921, 
-0.15731686724644, -0.153032405519063, -0.148243392860856, -0.143045842903547, 
-0.136792292208158, -0.126258058855227, -0.114542629473608, -0.102778021663635, 
-0.0908407028631484, -0.0789088615612009, -0.0668983608659697, 
-0.0550388918301548, 0.0582675504278533, 0.0740544666729592, 
0.088949894617131, 0.103387081983584, 0.118193401653197, 0.134220987807081, 
0.150568375590408, 0.166625033665336, 0.182274416699494, 0.196316267661717, 
-0.156629104063658, -0.155025885809351, -0.151611632857326, -0.148098148676067, 
-0.145322646109669, -0.135375809649003, -0.124458684623674, -0.113353645273857, 
-0.101862669325668, -0.0905979178937246, -0.0790602248086019, 
-0.0674430126645891, 0.0536027689318115, 0.0691522390982432, 
0.0845754424117721, 0.0997464720733374, 0.115217532164425, 0.131577993843037, 
0.147795714073987, 0.16386979961022, 0.179354309095001, 0.193806024766843, 
-0.0090106664033307, -0.025289000281559, -0.0147806341147795, 
0.0441361277460986, -0.0513021502760691, -0.00306530983081813, 
0.0802553755934448, -0.0707864130535705, 0.0123136589957406, 
0.0105732286898129, 0.0157737803715449, 0.0280947808972063, 0.0394827275473212, 
0.0507775383588314, 0.062088010511227, 0.0687893590087534, 0.0712207915655023, 
0.0747089577184417, 0.0774919161805984, 0.0796371829060804, 0.080794497907004, 
0.0808621642703574, 0.0428565325873296, 0.038178340625513, 0.0317394123786393, 
0.0239282400151953, 0.0161268911745183, 0.0111870730196169, 0.00795966307195264, 
0.00461166125355872, 0.00164536749379198, -0.00398741384142181, 
0.00872012137576655, -0.00391597797514706, -0.0155947857208801, 
-0.0273696370023426, -0.0399332442314948, -0.0474554904815387, 
-0.0523649646611757, -0.0573050733791163, -0.061550467928876, 
-0.065616147834628, -0.0689410229931126, -0.0709969257667737, 
-0.0518589676278092, -0.0489225170409099, -0.0446909027708395, 
-0.0395379979746851, -0.0342241734459236, -0.0323842547385336, 
-0.0317427060844919, -0.0314241211393288, -0.0313127581491488, 
-0.028589676515543, 0.21445067363084, 0.21247617862775, 0.185662316714415, 
0.0458876575261188, 0.0454219577063655, 0.0247241752746173, -0.0676345829689879, 
-0.0796642048073814, -0.14946747387192, -0.130653200605323, -0.149979276509131, 
-0.148822975836795, -0.146104165879472, -0.141786411191649, -0.135006977676602, 
-0.126605826748133, -0.115177406416142, -0.102827170826972, -0.0914342535816272, 
-0.0806423186883598, -0.0679965270557511, -0.0548682442770586, 
0.0569575513018455, 0.0722639417672972, 0.0870217558086112, 0.101733632840271, 
0.117655690278054, 0.135159291773725, 0.152004525853201, 0.168521931529967, 
0.184803104740462, 0.200014532503889, -0.15060632455417, -0.15179104093748, 
-0.15215145506726, -0.14955232501546, -0.1437054606987, -0.135948097319712, 
-0.124364832223033, -0.111326483407209, -0.10122781918842, -0.0919773357117852, 
-0.0797186069649125, -0.0689976619684378, 0.0522839984802705, 
0.0678904761335722, 0.0834112756794922, 0.0992507228248658, 0.116017691659875, 
0.132997045148438, 0.149383036038313, 0.165677717190255, 0.18162363177419, 
0.196743947191181, -0.00775459477956951, -0.0282310265602605, 
-0.0151171772288317, 0.0454816476925137, -0.0508186540476037, 
-0.00348355118565212, 0.0783908452736855, -0.065047210793146, 
0.0114470698457797, 0.00967512964333017, 0.0146619709850879, 
0.0264166214977111, 0.0383762185514426, 0.048946192872117, 0.0565130488063748, 
0.0608990682079818, 0.0641574666703571, 0.0690788490123123, 0.0745340126746345, 
0.077728470549756, 0.0801159008858805, 0.0860845407233366, 0.0418653945263665, 
0.0357612976636912, 0.0286983747140914, 0.0207119994326946, 0.012542919004137, 
0.00949569865814077, 0.00751846518458156, 0.00484892722335545, 
0.00274345616441762, -0.000478155568679791, 0.0078533867603842, 
-0.00343237394568596, -0.0156431491097103, -0.0271088042266265, 
-0.0355306490042032, -0.0400003101296612, -0.043527778818755, 
-0.0503000321185281, -0.0582650665906529, -0.0634192852486294, 
-0.0675302780029343, -0.0735643683584284, -0.0497436701017641, 
-0.045598541367367, -0.0409892160571686, -0.0358383003030366, 
-0.0317383805524509, -0.0320886601979505, -0.0326010497435826, 
-0.0325904309835111, -0.0326518518975006, -0.0314544063022709, 
0.203101914798405, 0.200928483755062, 0.174055017446095, 0.0502472876317138, 
0.0460418772944676, 0.0290717735192221, -0.0453605851399988, 
-0.0587268133360623, -0.159329114979832, -0.127568082125088, 
-0.158705922472104, -0.1555727040672, -0.152105648250725, -0.145437441607971, 
-0.134764929381727, -0.124291879359687, -0.113486969078993, -0.102331830320913, 
-0.0907174927575117, -0.078821978080091, -0.0661892047927233, 
-0.0538283589898191, 0.0600116930155667, 0.0760057620889797, 
0.0915869720533812, 0.105852038794436, 0.119374450601908, 0.134752343600634, 
0.151004209788183, 0.167086654490371, 0.182960904356117, 0.197365705412002, 
-0.159372520844016, -0.158301581344371, -0.157108034714747, -0.152337666391456, 
-0.142249154794183, -0.132314248475773, -0.122406637773396, -0.111803995554223, 
-0.100566687980968, -0.0890661615073264, -0.0768268406160561, 
-0.0647903160074366, 0.0543774750213589, 0.0702706837826671, 
0.0860376087715312, 0.101238628815314, 0.116165833237439, 0.131564527947933, 
0.147597050342144, 0.163577286129878, 0.179464120971242, 0.194642497078348, 
-0.00651727564341823, -0.0272749918125021, -0.0155717441603588, 
0.0529281089498463, -0.0583380977389261, -0.00437406512215809, 
0.0756673405782626, -0.0665515702315823, 0.0115684775646343, 
0.00981868407818683, 0.015923741758162, 0.028358377170203, 0.0409245201529261, 
0.0534063293049873, 0.0605662911775176, 0.0645644932459879, 0.0690780229123663, 
0.0721263928789193, 0.0730086310845657, 0.0735912166371849, 0.0738915162150666, 
0.0752945380889516, 0.048916049163088, 0.0441016773744937, 0.0374342578636227, 
0.0285869403528373, 0.0195863517677876, 0.0151697170111868, 0.0126107684259986, 
0.00936382235193603, 0.00594153345592585, -0.0010747036585972, 
0.00833045474127418, -0.00416427166724629, -0.0170979718275416, 
-0.0309526691209959, -0.0383250059600013, -0.0431491904549397, 
-0.0494841225780064, -0.0535952100233482, -0.0568492838550185, 
-0.0594842053342927, -0.0618484717450351, -0.0652763216927669, 
-0.0562692475532437, -0.0535774618895209, -0.0497021575692077, 
-0.0440706005598345, -0.0387145130302912, -0.0367485061365031, 
-0.036681573203378, -0.0366376365820292, -0.036368468725794, 
-0.0320589164293812, 0.204255494764469, 0.202396204948409, 0.174814323563047, 
0.0530514207874791, 0.0471758272244956, 0.0319000959313759, -0.0517128849066055, 
-0.0642424869624236, -0.159383187740391, -0.118568061208306, 
-0.158999185381639, -0.155635854488414, -0.152607592896278, -0.145981103102835, 
-0.135432683995041, -0.124957781472121, -0.114152206077325, -0.103196636486365, 
-0.0913984057435976, -0.0784746908416825, -0.0658758876845806, 
-0.0542136796872908, 0.0597820559134262, 0.0755557277086972, 
0.0908476677391922, 0.105085786100422, 0.119163315437864, 0.135168289477697, 
0.151595387530586, 0.167809960757367, 0.183651582524504, 0.198181710701108, 
-0.159568667991438, -0.158091213582114, -0.157167001472728, -0.153278015532585, 
-0.143247378490501, -0.13290613642213, -0.122604823620161, -0.112505455524883, 
-0.101143348069888, -0.0886933687488992, -0.076658760387834, 
-0.0658469238096424, 0.0540829356365078, 0.069949045326483, 0.0856585835155586, 
0.100822463790813, 0.115975827760373, 0.131963993308784, 0.148111385113999, 
0.164198410960828, 0.180078176321086, 0.195267749483127, -0.0065604509697894, 
-0.0271516522192383, -0.0149088728768296, 0.0516714680342073, 
-0.0570125044876351, -0.00543934354018465, 0.0752497440959397, 
-0.0651105059781505, 0.0119928348795718, 0.00906922306652786, 
0.0159318830084316, 0.0282418372190354, 0.0407675784798082, 0.0533295099707282, 
0.0593100699878542, 0.062875124147148, 0.066955101602656, 0.0691118281255703, 
0.0700886237678992, 0.0712179729044241, 0.0736927717411762, 0.075440641813098, 
0.048386650238341, 0.0429184346694561, 0.0360193131116663, 0.0274179335306706, 
0.0187253915794843, 0.0152518700266001, 0.0127721548433329, 0.00951362158313734, 
0.00567137349561821, -0.00124193088045116, 0.00854840762323202, 
-0.00391875565659238, -0.0165202211968352, -0.0304674052974135, 
-0.0373311926604862, -0.041070346560547, -0.0474772283659042, 
-0.0515522414613184, -0.0541714032830713, -0.0573068896321683, 
-0.0617076536513491, -0.0654689238664291, -0.0562892875154028, 
-0.0525880966640461, -0.0485354034448059, -0.0428108317262409, 
-0.0376434840225267, -0.0368790170558128, -0.0369297100614706, 
-0.0365435558135225, -0.0357635764237518, -0.0317708782336413, 
0.194502846056616, 0.193363635591, 0.173758983482309, 0.0606012643140926, 
0.0539926689035298, 0.0414174426939952, -0.0398414568314984, 
-0.0532382255803113, -0.163683140459637, -0.133186338063078, 
-0.162499117044946, -0.158212528211123, -0.152575136464493, -0.145571105290626, 
-0.134774590515044, -0.123593653900143, -0.112460350414963, -0.100920114986592, 
-0.0890706008691398, -0.077338020223875, -0.0656049507973713, 
-0.0538251217032156, 0.0601083240591256, 0.0753201720264379, 
0.0907494864380904, 0.105461148582863, 0.119583656958066, 0.134506143346273, 
0.150848624818995, 0.166630938916349, 0.181694975849414, 0.195169047949506, 
-0.163569079970854, -0.160798135175935, -0.156969733236041, -0.152684095854019, 
-0.142951751820805, -0.132386315463098, -0.12175310311237, -0.110981852823406, 
-0.0996608969682433, -0.0884590184851955, -0.0770452987921678, 
-0.0657658094628901, 0.0545994068557908, 0.070123679694716, 0.0858797505367762, 
0.10120381888393, 0.116004852495146, 0.13152390186289, 0.147505921430777, 
0.163305487679166, 0.17857208406176, 0.192991279033467, -0.00518922385463908, 
-0.0276232907623412, -0.0153734546438496, 0.0474414500456774, 
-0.0549976233912762, -0.00310225014366543, 0.0758942405222785, 
-0.066957449261108, 0.011995270202899, 0.0105784175785611, 0.0179968493249015, 
0.0307701508162311, 0.0424227948180361, 0.0546959139398498, 0.0636484889478645, 
0.0662817364560311, 0.0699003121548298, 0.0731052069862083, 0.0752772463030265, 
0.0768637454511479, 0.077138444039053, 0.0767175384872718, 0.047104017901945, 
0.0407346931249614, 0.0352466506534802, 0.027730329647367, 0.0195727687464182, 
0.0137614036694843, 0.0117561268226696, 0.00791278940287617, 
0.00338229679824216, -0.00412335463436996, 0.00687224444360411, 
-0.00618566336177634, -0.0180002340039251, -0.0315519200568953, 
-0.0415483443390209, -0.0456390195170037, -0.0506409533301016, 
-0.0557351528640716, -0.0596571614048197, -0.063082174553807, 
-0.0655591614681215, -0.0668710061955357, -0.0550369426530056, 
-0.0509633368545227, -0.048381968538417, -0.0434721360022224, 
-0.0379077361921095, -0.0352585587786044, -0.0356285350851083, 
-0.034580451283687, -0.0329275644612072, -0.0288064596497034, 
0.20248044469944, 0.200002168964839, 0.179501891479719, 0.0559827771208266, 
0.0492582794910318, 0.0295072840549958, -0.0579077961214033, 
-0.0691117676638542, -0.155668248172663, -0.120552215419867, 
-0.155841594873154, -0.151658770731706, -0.14632284932905, -0.139510512959096, 
-0.134620203784159, -0.127385056445391, -0.115524092434524, -0.103670627648996, 
-0.0916986067959488, -0.0799908938965151, -0.0678759988267911, 
-0.0557534944026241, 0.0586947005235034, 0.0746498788831369, 
0.0902517786228206, 0.104674693987442, 0.118711765952293, 0.134309782916486, 
0.150821354299666, 0.166941938597237, 0.182577841191247, 0.196403375687627, 
-0.156354348924456, -0.153169810574597, -0.149057580090029, -0.145251309948413, 
-0.14343850675559, -0.135804446639456, -0.124650420700185, -0.113495080289563, 
-0.102255690815595, -0.0914095088662404, -0.0799948259484758, 
-0.0683044279245011, 0.0535174473987089, 0.0695373656114948, 
0.0855698259327299, 0.100873213821954, 0.115566320399153, 0.131610757916929, 
0.147858851567868, 0.163906678858966, 0.179351991048662, 0.193716277954068, 
-0.00842458870166518, -0.025291471819694, -0.0149147420034668, 
0.0468893628151932, -0.0540055614594259, -0.0039579677051251, 
0.0820607289658166, -0.0706971710367402, 0.0120645305684454, 
0.00944670862537887, 0.0152253033640893, 0.0269960988437137, 
0.0378326099174974, 0.0483489979305795, 0.059587487050718, 0.0685924589752479, 
0.0706416659348803, 0.0745406556611162, 0.0778814218269416, 0.0810123514146245, 
0.0822168406107943, 0.0824727543932194, 0.0456197439413575, 0.0409626676586117, 
0.0354366841256019, 0.0270239474816873, 0.0181548175307607, 0.0123951957700975, 
0.00963294024921453, 0.00647561564019291, 0.00318125740525078, 
-0.00390678201678056, 0.00855910959213861, -0.00332231881648396, 
-0.0145899329555555, -0.0267574771320759, -0.0383899484422031, 
-0.0465799595067348, -0.050722159366654, -0.0562975630928848, 
-0.0612818070227437, -0.0661760499973624, -0.069693706427815, 
-0.071476127508945, -0.0537961870891599, -0.0512983815965177, 
-0.0491993400446054, -0.0432920952875199, -0.0366798641773093, 
-0.0342038506342285, -0.0336574350075717, -0.0335594750755558, 
-0.0328020049723938, -0.0282779873959523), .Dim = c(54L, 2L, 
43L)), ID = 1:43, Binom = structure(c(6L, 13L, 7L, 8L, 9L, 11L, 
1L, 3L, 2L, 4L, 10L, 5L, 16L, 27L, 33L, 21L, 23L, 26L, 28L, 30L, 
39L, 18L, 34L, 40L, 12L, 41L, 29L, 37L, 32L, 24L, 22L, 14L, 25L, 
17L, 42L, 43L, 38L, 19L, 15L, 20L, 35L, 31L, 36L), .Label = c("Amblysomus_corriae", 
"Amblysomus_hottentotus", "Calcochloris_leucorhinus", "Calcochloris_obtusirostris", 
"Carpitalpa_arendsi", "Chlorotalpa_duthieae", "Chrysochloris_asiatica", 
"Chrysochloris_stuhlmanni", "Chrysospalax_trevelyani", "Chrysospalax_villosus", 
"Cryptochloris_wintoni", "Echinops_telfairi", "Eremitalpa_granti", 
"Geogale_aurita", "Hemicentetes_nigriceps", "Hemicentetes_semispinosus", 
"Limnogale_mergulus", "Microgale_brevicaudata", "Microgale_cowani", 
"Microgale_dobsoni", "Microgale_drouhardi", "Microgale_dryas", 
"Microgale_fotsifotsy", "Microgale_gracilis", "Microgale_grandidieri", 
"Microgale_gymnorhyncha", "Microgale_jobihely", "Microgale_longicaudata", 
"Microgale_monticola", "Microgale_parvula", "Microgale_principula", 
"Microgale_pusilla", "Microgale_soricoides", "Microgale_taiva", 
"Microgale_talazaci", "Microgale_thomasi", "Micropotamogale_lamottei", 
"Micropotamogale_ruwenzorii", "Oryzorictes_hova", "Oryzorictes_tetradactylus", 
"Potamogale_velox", "Setifer_setosus", "Tenrec_ecaudatus"), class = "factor")), .Names = c("meanshape", 
"ID", "Binom"))
