structure(list(meanshape = structure(c(0.189506806314002, 0.186778792867915, 
0.167547291125814, 0.0545386154402191, 0.0481139077038057, 0.0361779812169656, 
-0.0551285998635557, -0.0709829188923196, -0.142725014770284, 
-0.0855954779462874, -0.142334596424382, -0.13977799033536, -0.136650073772921, 
-0.132909159262805, -0.12795821693254, -0.122392776644152, -0.116553071628748, 
-0.108042517899478, -0.0967174036616404, -0.0851481578571152, 
-0.0734985456675402, -0.0625020357938042, 0.0611089203760002, 
0.0765262366380722, 0.0911509210338434, 0.103992846509642, 0.11722764647902, 
0.132068928608983, 0.148094130573264, 0.163489139585876, 0.181388685906579, 
0.194498453969894, -0.143142264511868, -0.144059908298149, -0.143282629437979, 
-0.141300211388137, -0.138231216835862, -0.134032224642068, -0.129264949237753, 
-0.121526245408713, -0.111738262437351, -0.101316664930567, -0.0906146677857305, 
-0.0804417655477333, 0.055354436687946, 0.0711337367219287, 0.0860653180719062, 
0.0999265870430524, 0.113923645867781, 0.129137823425394, 0.144616466508093, 
0.159327830095452, 0.175865083247819, 0.190307335795576, 0.00579438844550104, 
-0.036501476189796, -0.0125311503904024, 0.0547601985178886, 
-0.0619545200540785, -0.000161939102199378, 0.109485043577621, 
-0.100851448410686, 0.0127238851077128, 0.00701521520638831, 
0.0135465022684153, 0.0256019956515687, 0.0367310903120473, 0.0475481902929348, 
0.0578641066520315, 0.0674024540594694, 0.0763928138175692, 0.0854654463382373, 
0.0928569358789067, 0.0984248036688975, 0.102298734014062, 0.106659951528474, 
0.0517442796680552, 0.0468728515793784, 0.0388276546859348, 0.0289425673794155, 
0.0201809929283568, 0.014636732832623, 0.013068256919245, 0.0134284172887996, 
0.0157849458158438, 0.00330740560322594, 0.00839518629145058, 
-0.00303986378804923, -0.0145567863083964, -0.0261905457055729, 
-0.0372236362711925, -0.0471198722341367, -0.0572242604231087, 
-0.0675087484968621, -0.0765313983248982, -0.0840094835665804, 
-0.0896964857333511, -0.0959326663321589, -0.0609503600341714, 
-0.0575351177661395, -0.0514899545683717, -0.0441897325009527, 
-0.0383164901816404, -0.035508555703955, -0.0364944116222203, 
-0.0399211471695442, -0.0444712610262089, -0.0358497344253814, 
0.17010105076186, 0.159814792742109, 0.148032074650622, 0.0637187738466104, 
0.0516077188059705, 0.0295819023875692, -0.0277063194336318, 
-0.0509434821552488, -0.139387131616598, -0.0782184367043257, 
-0.139295353907671, -0.137689247618329, -0.135800451285919, -0.133898309405744, 
-0.12978630490811, -0.124946027443719, -0.119393128473421, -0.111124793800779, 
-0.0989667982182456, -0.0852914279868853, -0.076268529678161, 
-0.0673489520696095, 0.067681956005321, 0.0826304775852097, 0.0979447694129356, 
0.10845923564752, 0.118980164017478, 0.131982995184114, 0.146897423778114, 
0.164478598457078, 0.178800386275859, 0.189187074397887, -0.139528180475594, 
-0.140712994708296, -0.140821585163104, -0.140181073690334, -0.138539970303324, 
-0.134690434418937, -0.13262198248056, -0.125995584188303, -0.114045231507608, 
-0.100509743182316, -0.0945677241182622, -0.0866715701383059, 
0.0595788238232023, 0.0750927879371713, 0.0910802321299467, 0.103605823738744, 
0.114469068929111, 0.128274873478016, 0.143666137645871, 0.157879173285818, 
0.173753292281841, 0.187651161875363, 0.00585896011221252, -0.0341768674614847, 
-0.0106868030029471, 0.0631810918024363, -0.0730212852376151, 
-0.00099926255429284, 0.134191581505811, -0.127277531202012, 
0.0101815229255027, 0.00823634854226764, 0.0134669874468503, 
0.0254377474053306, 0.0367940391302203, 0.0482350562947377, 0.0592525823208299, 
0.0692628779487519, 0.0789282132426261, 0.0896939920079426, 0.0992711289688118, 
0.106556239662057, 0.108241654382373, 0.116048897428222, 0.060685964088206, 
0.0536443543072515, 0.0434268178889595, 0.0309595638026085, 0.0213640704314807, 
0.0156056931610659, 0.015683112018942, 0.0172493798465487, 0.010101629999167, 
0.000613224445005125, 0.00791897441224416, -0.00394139722195116, 
-0.0151877168898822, -0.026775101824169, -0.0383147320276918, 
-0.0480743898386178, -0.0583542193009771, -0.0719642692457523, 
-0.0841426448444436, -0.0923586839337255, -0.0935993595108511, 
-0.103950023333421, -0.0710286306788154, -0.0660518481113508, 
-0.0590247989764709, -0.0486363523490622, -0.0399372799466793, 
-0.0347032578980572, -0.0359676232128249, -0.0421850340332803, 
-0.0400187054552641, -0.029713887436823, 0.18037035983226, 0.175954727484578, 
0.156493797958412, 0.0603816378455351, 0.052377808327895, 0.0325886162852416, 
-0.0440273640239024, -0.0626434154372307, -0.141332319540967, 
-0.0847799623663192, -0.141125681843785, -0.139184665925725, 
-0.136091095061347, -0.132827028353011, -0.129032464473037, -0.123641490761401, 
-0.117962151245379, -0.109502971448802, -0.0986177752154483, 
-0.0858632704788349, -0.0748654578388735, -0.0664059250563361, 
0.0638965236222853, 0.0789676595784278, 0.0925638500912131, 0.104859859202055, 
0.1177139883324, 0.132340901761453, 0.148345491015502, 0.163479935095755, 
0.182643003092529, 0.190698000472695, -0.141125902016049, -0.141800892674432, 
-0.139929739527111, -0.138767145153709, -0.136705429372385, -0.133023960523379, 
-0.129003385564106, -0.122632983472972, -0.113647231751746, -0.102501584920437, 
-0.0928222228716029, -0.0840561457187796, 0.0578199302197398, 
0.0733815054123552, 0.0876371017331233, 0.100993825666532, 0.114521626957647, 
0.129776809417175, 0.144508546509229, 0.159205296856194, 0.177620064418507, 
0.184778795448367, 0.00732477775948649, -0.0352091812578132, 
-0.0124070795847726, 0.0565056176894676, -0.064868146569989, 
-0.0019247700654635, 0.123499226253502, -0.114889305623641, 0.0116077297086295, 
0.0052328571870154, 0.013592220052256, 0.0255309986025016, 0.0366867105755682, 
0.0480163539238, 0.0588813956429, 0.0686633564179143, 0.0781032357863377, 
0.0876547326996355, 0.0965514071719043, 0.103753054602437, 0.106613970250806, 
0.112380519568147, 0.0553357275517739, 0.0483258249563951, 0.0390256984120441, 
0.0288467439504793, 0.0199176417957693, 0.0134933934116751, 0.0128741580689727, 
0.0157051413845054, 0.0158637980564108, 0.00225456949375713, 
0.00817693792153845, -0.00355021653299815, -0.0147203009042959, 
-0.0265386162367144, -0.0376581181690763, -0.0477011831089804, 
-0.0577744650528336, -0.0686077572306224, -0.0793896539054709, 
-0.0883246353211362, -0.0934403819895578, -0.101282948916711, 
-0.063887074340223, -0.0591665253578147, -0.051871164968896, 
-0.0442223346174374, -0.0377094895943823, -0.0355898873899395, 
-0.0380030294595341, -0.043388125713223, -0.0443917893492895, 
-0.0339016176348141, 0.186793591422937, 0.182798628306924, 0.168453261378778, 
0.059389404799181, 0.0507713235407573, 0.0358584770803172, -0.0554775713830809, 
-0.0758691420311301, -0.143458979583773, -0.0824292521601981, 
-0.142962044486227, -0.140965245447952, -0.137382747427677, -0.13294028555317, 
-0.129190568093015, -0.12481153485412, -0.118457245396834, -0.108988609451351, 
-0.0972576396326771, -0.0846358114432332, -0.0728012274108435, 
-0.0633089331232587, 0.0610391158076378, 0.0764271253305092, 
0.0914332439913539, 0.105003012253059, 0.118370834338999, 0.133211376738421, 
0.148784072024147, 0.164352436507736, 0.182280759311096, 0.192202789924054, 
-0.143821477579012, -0.142988194263834, -0.141032987379424, -0.139143300017347, 
-0.137276725428076, -0.134236720680684, -0.129514317187026, -0.121845011204264, 
-0.112261757670226, -0.10042236345541, -0.0892825931776496, -0.0798840670714748, 
0.0550667103918137, 0.0704868515924466, 0.0857955089950489, 0.100365546589004, 
0.114557785427081, 0.129738211240781, 0.144928014395175, 0.159889559338604, 
0.177402886250676, 0.187245825616432, 0.00503875433270167, -0.0340337271198954, 
-0.0132656812404266, 0.0518803068623932, -0.0596622771932353, 
-0.00376274172874223, 0.109983274553551, -0.0979226185582364, 
0.0100653948414954, 0.00438154729667233, 0.013637835261605, 0.0255308663336951, 
0.036424199514439, 0.04749489969561, 0.0584670851015691, 0.0683775278287263, 
0.0777670454770103, 0.0866941487352254, 0.0940701566388628, 0.0995071822047005, 
0.101976377201814, 0.106185575067569, 0.0515501812445292, 0.0461635259577495, 
0.039119107692099, 0.0298485758489913, 0.0220447485421956, 0.0174698067040055, 
0.0151991795266142, 0.0145483137874421, 0.014254984805973, 0.00130872646712947, 
0.00856412404459871, -0.00316415867962655, -0.0144084806578403, 
-0.0261982845908119, -0.0373600279610542, -0.0474062441902814, 
-0.0576335363616728, -0.0676497265757765, -0.077535100977829, 
-0.0849082609564701, -0.0896378655868709, -0.0948622614481985, 
-0.0587367908817624, -0.0553313851429721, -0.0508829714650997, 
-0.0452280713783072, -0.0406316529767409, -0.0390696717764007, 
-0.0394252552675916, -0.0417811983151193, -0.0443392036557524, 
-0.0327162568822534, 0.179248989721878, 0.176802856297369, 0.1533510418765, 
0.0614881531345283, 0.0564893531395078, 0.0248330671416857, -0.0292733873423725, 
-0.0450112357868979, -0.14956822659423, -0.115022073238157, -0.148678209782949, 
-0.146057325503302, -0.143306578840965, -0.139522168035387, -0.133898450615056, 
-0.127231308629488, -0.11590418532373, -0.102573457021475, -0.0915495792168721, 
-0.0811448185405675, -0.0691718828877779, -0.0561126314358989, 
0.0639604671848245, 0.078082296102162, 0.0921689438461333, 0.105855780662149, 
0.119045388719867, 0.133011824334902, 0.148281399968401, 0.163886204471937, 
0.180921823246583, 0.190654166536453, -0.149405168849816, -0.148280645443405, 
-0.147714329032778, -0.146128253888695, -0.14212793581837, -0.137253501600788, 
-0.126943343354684, -0.114469080985602, -0.103913132688468, -0.0943260938634885, 
-0.0833926680362431, -0.0713908468672413, 0.0578500087934724, 
0.0725910700490629, 0.087121715425711, 0.10120361312376, 0.114864512562877, 
0.129084810451297, 0.144195561215346, 0.159488955016459, 0.176777897087541, 
0.188110619114297, 0.00823281097196499, -0.0385456931375613, 
-0.0135887375373452, 0.0548802154255426, -0.0614786121327115, 
-0.00364892089335784, 0.107022693129556, -0.098159097710149, 
0.0108830844089358, 0.00799161311857534, 0.0151446925945379, 
0.0269319496392933, 0.0386194816953769, 0.0507146377909363, 0.0619319732336866, 
0.0733031420144379, 0.0832429167040846, 0.0881110090586688, 0.0916822895047827, 
0.0962409068827848, 0.100196173455619, 0.103707574776282, 0.0537687739163105, 
0.0463993413947151, 0.0389796807122107, 0.0309335358445813, 0.0233052718523463, 
0.0185928693699083, 0.0173052558921541, 0.0161416500249268, 0.013750590364579, 
0.00190077331558952, 0.00740576464891302, -0.00429539498411862, 
-0.015890921446059, -0.0285455833909676, -0.040470087130201, 
-0.0526318774406822, -0.063822344678759, -0.0703158319632331, 
-0.0749941272195068, -0.0803695947287774, -0.0856637535668444, 
-0.0908492818325043, -0.0612835254991428, -0.0565032397792555, 
-0.0511534643050842, -0.0454254641961786, -0.0414917302591675, 
-0.0422368084287312, -0.0432917776360532, -0.0440395224540557, 
-0.0443587879783006, -0.0342664914125524, 0.175309318394406, 
0.170907276883192, 0.156080050436425, 0.0602977006278305, 0.0533364816889485, 
0.045375426293623, -0.0347303519515752, -0.0563717343249279, 
-0.140545898046776, -0.0953595386634673, -0.140311254646079, 
-0.139125622401902, -0.138025624947907, -0.135610729144701, -0.131384519208329, 
-0.125549094400561, -0.119085584270483, -0.11038364935681, -0.0990175592500321, 
-0.085729434315447, -0.0710627018801054, -0.0586642940150947, 
0.0639865868186858, 0.0793968928583223, 0.0937102496943343, 0.10562971926234, 
0.117576315563448, 0.131196072160255, 0.146668736969192, 0.161764568645911, 
0.180580922469578, 0.192379083185749, -0.140942700000915, -0.141871019506608, 
-0.142871415975252, -0.142722407239, -0.139607302235599, -0.135913861399126, 
-0.130385274833761, -0.123720446170639, -0.114632288885379, -0.101067660451873, 
-0.0865252925715902, -0.0768587197984108, 0.0583176959711462, 
0.0731849398472039, 0.0882103580035012, 0.101352834214756, 0.114065857938359, 
0.128250438737226, 0.142413969539819, 0.15810079698673, 0.175069268638666, 
0.184914418062703, 0.0104941280950481, -0.0354519152376901, -0.0124976070242756, 
0.0589257018956862, -0.0672918335601056, -0.00564914193511588, 
0.115746709443781, -0.108087673996348, 0.0106813649241346, 0.00641689041546584, 
0.0136599895213143, 0.0256992312369974, 0.0372727520582628, 0.0488226395322713, 
0.0600272194970815, 0.0700544708252988, 0.0793498453716474, 0.089173812554797, 
0.0977733913143999, 0.105585922788852, 0.108885654074091, 0.111792215680713, 
0.0572797058692261, 0.0506566685183082, 0.0413767077523, 0.0307578970967959, 
0.0215811576082564, 0.0148692096451372, 0.0136645408030352, 0.01678740123665, 
0.0161188923080144, 0.00109520728676488, 0.00828056099415207, 
-0.00351174541279891, -0.0149980279216315, -0.0268699668416078, 
-0.0384113945109388, -0.0490516785483395, -0.0592859918087963, 
-0.0695147903911869, -0.0810017538036784, -0.091056118268826, 
-0.0959671149210061, -0.0988241502750453, -0.0663423891639431, 
-0.0610527921921783, -0.0549441009818324, -0.0465802100113712, 
-0.039969208711705, -0.0364754091673372, -0.0393064821830359, 
-0.0440308546510127, -0.0428956272560444, -0.0337619095726322, 
0.18311598359027, 0.181463809900584, 0.164059459359976, 0.0611535496220245, 
0.0582335409051048, 0.0445521975098354, -0.0480452103431425, 
-0.0684509971757422, -0.143456206065526, -0.101076388346392, 
-0.143356257173902, -0.14157934553463, -0.140631451727543, -0.136611561843143, 
-0.131714743373623, -0.124221966772149, -0.117839852982707, -0.107558082834368, 
-0.0954530373535904, -0.082648990782441, -0.0700538015752664, 
-0.0589313284812419, 0.0642111661350561, 0.0761574545481874, 
0.0894680431585083, 0.103264317117834, 0.117306915893378, 0.132083853592736, 
0.14762154446334, 0.163058958061655, 0.181709785037215, 0.193333192516277, 
-0.144246147033743, -0.144904619107511, -0.145965821520386, -0.144433007090354, 
-0.140287159858946, -0.135297607513944, -0.129336318103063, -0.120666142473784, 
-0.110089492541152, -0.0980716477615306, -0.086028569938051, 
-0.0755933382340616, 0.0558016194815725, 0.0708344756842102, 
0.0858224542656556, 0.100543094166794, 0.114499147252696, 0.129041359010788, 
0.143837888083656, 0.158229985816006, 0.176430845702175, 0.1907144526664, 
0.00865137813475541, -0.0388588009805682, -0.0127165434053814, 
0.0563981409318737, -0.0597666151388683, -0.0028413551045043, 
0.104910140939655, -0.0937976461985865, 0.0108570201223388, 0.00885701277930702, 
0.0138611258738409, 0.0259805248638214, 0.0377493232958376, 0.0489635903326537, 
0.0599209543279276, 0.0686533663634291, 0.0780600842000035, 0.0864261425534428, 
0.0932552720780014, 0.0972617119251462, 0.0994868439094346, 0.101073348784942, 
0.0551915981567599, 0.0450675869273617, 0.0365517707622104, 0.0285225937159551, 
0.0214538182306183, 0.0163225658450089, 0.0147796455137852, 0.0169369442906221, 
0.0157651316367534, 0.00208861815107903, 0.00841653131230465, 
-0.00351162072123838, -0.0151404216212296, -0.0271783812605999, 
-0.0384572734645693, -0.0484920193853475, -0.0585887750207547, 
-0.0684413689795664, -0.0769292789495148, -0.0840834832377661, 
-0.0870150921376438, -0.0922776541828186, -0.0604255239809292, 
-0.056157341409718, -0.0514500468734839, -0.0460503566231721, 
-0.0403530148609683, -0.0370304718229345, -0.0383423622051246, 
-0.0437240748177057, -0.0449391664575815, -0.0348940971182938, 
0.18087481785315, 0.176857146354459, 0.160056230635684, 0.0579119275903289, 
0.0517663906684821, 0.033070379920843, -0.0463250973119198, -0.0667017499064657, 
-0.141035419896496, -0.0929138575706581, -0.141131899964157, 
-0.138856857555187, -0.1345585259272, -0.130462088068256, -0.127227945836812, 
-0.123268156678628, -0.117234397767498, -0.109612956022854, -0.0993646128948666, 
-0.0865568962613293, -0.0732881048309077, -0.0636040509322263, 
0.0635195390760857, 0.077037624089703, 0.091400282376564, 0.104917306533746, 
0.118134270078675, 0.132555262870477, 0.14700004002212, 0.163104931180372, 
0.183875357756936, 0.190794711590448, -0.141209594075349, -0.141489249327714, 
-0.139687561147745, -0.136647300930696, -0.134819247518911, -0.132386517611376, 
-0.128675609702156, -0.123264706468861, -0.115178774303981, -0.103613377505449, 
-0.0914015477563728, -0.0832046941096048, 0.0572175369818729, 
0.0731049273980592, 0.0884169773873829, 0.102419698121359, 0.115161649427975, 
0.128773326560597, 0.143300613767914, 0.157495650772987, 0.176595893906215, 
0.188358304961238, 0.0103711316861725, -0.0395229595549908, -0.0123991132971657, 
0.0578851606244008, -0.0681998388251004, 0.00293889609431902, 
0.116950574616898, -0.110061612182427, 0.0124532267279401, 0.0114515819667964, 
0.0134520381814047, 0.0249645653797777, 0.0355127154259206, 0.0470029349085509, 
0.0578443053063912, 0.067790654572909, 0.0768599562939921, 0.0860901928431326, 
0.0950071560517036, 0.103063271278897, 0.10616914265953, 0.110490759694515, 
0.0551233960073172, 0.0467738547206234, 0.0394923537510087, 0.0312307791508223, 
0.0241905110352769, 0.0204365540394726, 0.018850237254206, 0.0211203239736614, 
0.0172691069344301, 0.00132601200702729, 0.00833676725210284, 
-0.00333066257558647, -0.0141096234884397, -0.0255915395084252, 
-0.0368363468224375, -0.0467881349057527, -0.0567228465527883, 
-0.0673386635996973, -0.0783967732166066, -0.0887061678980158, 
-0.0939551384405993, -0.0998521933614706, -0.0670489014467981, 
-0.0629394481013361, -0.0565854632953453, -0.0491518031847953, 
-0.0421081578185247, -0.0385334634715302, -0.0389218275241112, 
-0.0437417242950485, -0.0464901429147364, -0.0331156141574706, 
0.187202437727553, 0.183143198394203, 0.160755939569361, 0.0656947997570016, 
0.0599368709865309, 0.0319649484221459, -0.0560230110647605, 
-0.0744142458601444, -0.142113021846558, -0.0957840838094806, 
-0.141898852868741, -0.140901338632707, -0.140284469179236, -0.137353282926187, 
-0.132148611450827, -0.125238234270516, -0.117006180223308, -0.107108515682288, 
-0.0952335637313337, -0.0832552050647008, -0.072145553632108, 
-0.0620181280590992, 0.0621199383119516, 0.0769632517433599, 
0.0910689411652489, 0.104126709971753, 0.117933586194499, 0.133173859584629, 
0.149084148766472, 0.164805829028881, 0.182285998920553, 0.193655386432355, 
-0.142201960053992, -0.142892747790766, -0.14438678693524, -0.143524048641621, 
-0.140178090178276, -0.134919905931108, -0.12846419611497, -0.119631084731411, 
-0.108978968957248, -0.0982199282176325, -0.0883238972860508, 
-0.0795481759957182, 0.055772581609432, 0.0713744185872915, 0.085960550498515, 
0.100179100374952, 0.114684005224524, 0.130137503419825, 0.145377751243958, 
0.16061268798203, 0.177336062139192, 0.188845583079812, 0.00476479242483205, 
-0.034992931291876, -0.0139142430530657, 0.0508433078403295, 
-0.0581157125791969, -0.00342989617735616, 0.106014201281079, 
-0.0954139350342759, 0.0110568461460381, 0.006446990417542, 0.0139361274121241, 
0.0260433946374956, 0.0377856831154505, 0.0491722983033883, 0.0599400584298301, 
0.0693263352569964, 0.0775927590243649, 0.0854158225370804, 0.0915630911639793, 
0.0958807266087194, 0.0989029906918272, 0.103994207515467, 0.0528857803629817, 
0.0458586170978335, 0.0376626744691409, 0.0280981383445965, 0.020091441774004, 
0.0154987285388525, 0.0139282150460386, 0.0146191454184336, 0.013523420216835, 
0.00157890964763068, 0.00828182003063045, -0.00393055763531251, 
-0.015420901947708, -0.0269941938613668, -0.038291963557293, 
-0.0482868383923258, -0.058015888830982, -0.067330877943523, 
-0.0751000591995897, -0.0812958960036857, -0.0859237114140084, 
-0.0931464918535319, -0.059688811488164, -0.056152061941753, 
-0.0500074635039775, -0.0433356318311968, -0.0382236819875105, 
-0.0375353901310759, -0.0386718006592981, -0.0417334818283784, 
-0.0424491331887859, -0.0333049684182827, 0.180171899984148, 
0.175395569573386, 0.157986466771185, 0.0619280740140437, 0.0549160161768391, 
0.0229604719074897, -0.0499280845857199, -0.0707778174667862, 
-0.139508614816815, -0.0946477470573481, -0.139198277620341, 
-0.137617663800612, -0.134146500873832, -0.131159443206538, -0.126764047848039, 
-0.121804488541877, -0.116972345324016, -0.10871567258028, -0.099368011932416, 
-0.0887881374152096, -0.0765682642412153, -0.0654471616305767, 
0.0660101627382041, 0.0802985485281251, 0.0941085198970166, 0.106463939542337, 
0.118206833069464, 0.132333467737687, 0.14745398111308, 0.163097393042843, 
0.184387765907226, 0.190701364674307, -0.140138666532242, -0.140410849527542, 
-0.138452492081072, -0.136861543485863, -0.134846155624151, -0.13238175518702, 
-0.12824146213423, -0.121874853943681, -0.113811540982028, -0.104213807371544, 
-0.0920817235327417, -0.0835817961269931, 0.0584413475811608, 
0.0740346006537887, 0.0883207301065583, 0.101609786255767, 0.114644531331295, 
0.129103566915751, 0.143439706924589, 0.158026222967474, 0.178404611335397, 
0.185863346721565, 0.0101960753740476, -0.0397288278833994, -0.0123835563693633, 
0.0614940820791233, -0.068318353947194, -0.00231808379821429, 
0.119244915412003, -0.108839134892263, 0.0103775210759332, 0.00650555706224424, 
0.0133311372294767, 0.0249172401613141, 0.0359010268208429, 0.0471869632263392, 
0.057286344918612, 0.0670951625814281, 0.076432726524338, 0.0853859258076243, 
0.0937401911072092, 0.101767221965579, 0.107465930168827, 0.112874301158364, 
0.0593880893731023, 0.0512370585005246, 0.0419237023880321, 0.0314753582801425, 
0.0219607989289454, 0.0169263823142313, 0.0169502874709496, 0.019000556558795, 
0.0181329436192078, 0.00220787716725313, 0.00810825546726495, 
-0.00320435240279126, -0.0142075157098532, -0.0258494179278567, 
-0.0369262750071255, -0.0468850202925028, -0.0567145365094626, 
-0.0671457736369565, -0.076763293766686, -0.0869170364684542, 
-0.0937238807286724, -0.0992542470867826, -0.0682204796923866, 
-0.0623171338114899, -0.0549889622225427, -0.0472613102849822, 
-0.0408841485711451, -0.0386556277631469, -0.0406317750383301, 
-0.0458017500830609, -0.0469754855437013, -0.0335976533033905, 
0.189658486360388, 0.187296056796128, 0.169268007082813, 0.0562571422572905, 
0.0518046260503858, 0.0277403327546281, -0.0442545175989515, 
-0.0611741783944319, -0.146330461094553, -0.100483031513516, 
-0.146080075432777, -0.145114509822826, -0.142925172614251, -0.141014022005739, 
-0.133961644698439, -0.124968256185667, -0.114301959358436, -0.102370044448847, 
-0.0914497925119307, -0.0832245005771141, -0.0725384100921803, 
-0.0581766407113618, 0.0609066162651301, 0.0766221961007996, 
0.0900277389858742, 0.103137332446343, 0.117583914766881, 0.132950150604682, 
0.148815428254092, 0.164440089522101, 0.180391769359802, 0.193203779735122, 
-0.147384373840724, -0.148030512561849, -0.147033006485326, -0.146895101867372, 
-0.141699119988967, -0.135410188670319, -0.125316352698432, -0.114554353104737, 
-0.103866172779668, -0.0978170080767849, -0.0891390554278509, 
-0.0756540304615584, 0.0561289024506274, 0.071622908680393, 0.0861907430669704, 
0.100306054489095, 0.114656164412896, 0.129996776814828, 0.145456594879097, 
0.160803308592688, 0.175782299568776, 0.190119072726778, 0.0035901826084646, 
-0.0339433387435371, -0.0114115527786716, 0.0503571744555728, 
-0.0596967575992828, -0.00182375712794477, 0.105015518075134, 
-0.0975128606448358, 0.0125382039784937, 0.00820504053381318, 
0.0142319915918458, 0.0265188680667127, 0.0382975203068142, 0.0509043778827111, 
0.0625693948469795, 0.0714726350424075, 0.0784225031920833, 0.0814840182525633, 
0.0854809677768759, 0.0919714459257984, 0.0994790772983339, 0.104188873758014, 
0.048594094739017, 0.0447091815286904, 0.0355387814606074, 0.0261686248261676, 
0.0191712943398292, 0.0148771402634999, 0.0125595804490541, 0.0109240466737461, 
0.0106471483367418, 0.001820713011169, 0.00880234954624791, -0.0035237485842349, 
-0.0152867940504637, -0.0278809094904177, -0.0397621293819876, 
-0.0504935618629689, -0.0584345035212301, -0.0645269510413002, 
-0.0689481784463831, -0.0766330574553275, -0.0862250555472584, 
-0.0939302573403812, -0.0594455048158121, -0.0558201431844977, 
-0.0497505277703361, -0.043214404821342, -0.0379264217755426, 
-0.0360668330300038, -0.0356476695515012, -0.03665649147006, 
-0.0388425426214191, -0.0351367961106486, 0.197131569883794, 
0.180837198708804, 0.159790344222837, 0.0578124036092154, 0.0497967313133684, 
0.0147286959174809, -0.0516829305724391, -0.0703604553141221, 
-0.138915623526712, -0.089396850208579, -0.140277093617543, -0.139386767367466, 
-0.138998178824191, -0.13670027081051, -0.132429627095445, -0.125299184241834, 
-0.118656004620266, -0.109441607021398, -0.0961864401797365, 
-0.0833510115457143, -0.0717385814219257, -0.0603113002922006, 
0.0624624413508471, 0.0786695262650637, 0.0929266049558489, 0.105645707770453, 
0.118680914180251, 0.13288741394248, 0.14843993681973, 0.163718226761817, 
0.181647384463015, 0.196235510046536, -0.139115357041805, -0.140472542443321, 
-0.142316104631704, -0.14180111046256, -0.139755519042291, -0.13508005970416, 
-0.129572661404012, -0.122353845839632, -0.111571752017359, -0.0991367695195682, 
-0.087372431942405, -0.076767208310983, 0.0552057898414521, 0.070955134291047, 
0.0859931568799269, 0.0994769874366995, 0.113756657677866, 0.129425190698551, 
0.145056485919493, 0.159793668190748, 0.176249163246514, 0.191124444626045, 
0.0017442458151866, -0.0395816904709271, -0.0135919281304314, 
0.0571659728312933, -0.0608106666208095, -0.00192061694988514, 
0.106250286980449, -0.0953715058383683, 0.00916303012962541, 
0.00458474665048697, 0.014139876290292, 0.0258304207919556, 0.0374495423833457, 
0.0487571447659978, 0.0598220602290818, 0.0689978619213893, 0.0778694606664102, 
0.0875943961228518, 0.0945924261316468, 0.0982016136861769, 0.100700886065566, 
0.104172738790562, 0.0548180398253084, 0.0496925764855526, 0.0399213464395008, 
0.0301938473834094, 0.0217145322576758, 0.0154908571844017, 0.0122752203734873, 
0.0142357461774016, 0.0150639811646467, 0.004685639635901, 0.00750421017058542, 
-0.00459320949489769, -0.0157060488221839, -0.0269520701211658, 
-0.0381663822449187, -0.0482434909937084, -0.0579970044035008, 
-0.0685637180335913, -0.0781853522725491, -0.0849108915380261, 
-0.0884939476226488, -0.0934452900398179, -0.0609548596597064, 
-0.0575060431674599, -0.0517415619620828, -0.0437924120356174, 
-0.0377687296361292, -0.0360429850341288, -0.0365877101524441, 
-0.0399380097293178, -0.0460859253478167, -0.0356806570280548, 
0.215891520012831, 0.214502204069112, 0.184427897753666, 0.0513833208930906, 
0.0466876786281327, 0.0366984189638114, -0.0735949126329063, 
-0.0830076474739071, -0.153312990215135, -0.127533639203002, 
-0.153081303775316, -0.15028272217647, -0.147348113689888, -0.141704932975961, 
-0.133547179915554, -0.126290580918044, -0.116529713923116, -0.102116243259113, 
-0.0906546407924132, -0.0823773998435991, -0.0698771383730624, 
-0.0540525403830791, 0.0557095453222588, 0.0703420252467522, 
0.0858200516787259, 0.101471984821442, 0.117723055487568, 0.135317543845016, 
0.152417349706468, 0.169307795882886, 0.18551242158828, 0.198823483128085, 
-0.153587440358036, -0.15264266341092, -0.151954385059522, -0.148534358813643, 
-0.142272264202103, -0.135537652313288, -0.125006506930747, -0.111329500140396, 
-0.100839538886476, -0.0936510308003216, -0.0809936489492421, 
-0.0731578431548855, 0.0531132917335009, 0.0684163452596506, 
0.0841402333234538, 0.100324510436704, 0.116988651600108, 0.134229286663803, 
0.150691073937248, 0.167003941013731, 0.182395112015424, 0.195479789558399, 
-0.0101109512414387, -0.0260520664383966, -0.0156304786234902, 
0.0352565498064333, -0.0411454130934718, -0.00477477975601565, 
0.0763088523085919, -0.061211769845112, 0.0111501868634944, 0.00859059812308316, 
0.0143655370843616, 0.0267477176132157, 0.0387722012093451, 0.0488718343917234, 
0.0573263804173801, 0.0623847076157571, 0.0642792818600481, 0.0683408638081894, 
0.0761877414797828, 0.0790815227651551, 0.0819453607603489, 0.0916751821283725, 
0.034498397774926, 0.0285135342235687, 0.0217299892668344, 0.0155640000149954, 
0.00917393055616456, 0.00550332548107871, 0.00334632892850915, 
0.0013876596590454, 0.00124653236422442, -0.000787824062033935, 
0.00862464876544951, -0.00380565757620089, -0.0157668530730863, 
-0.0275979929632123, -0.0358663250233142, -0.0403584381537496, 
-0.0436839025775152, -0.0499030469917117, -0.0589214485733532, 
-0.0647198564040288, -0.0677717693748142, -0.0818466812262099, 
-0.0403120609806316, -0.0376252534142422, -0.0340218301444673, 
-0.0309025562690383, -0.0281526421806415, -0.028029150062319, 
-0.0288388792569152, -0.0299094514111294, -0.031684742410582, 
-0.0314410441429575, 0.204158605292389, 0.203095606595139, 0.187637152135536, 
0.0516294383694085, 0.0438499118458656, 0.0265444066993125, -0.0690736154174978, 
-0.0823243264535808, -0.147345888266532, -0.115773084593752, 
-0.147392958032676, -0.143955524053367, -0.14051164949251, -0.133988981055724, 
-0.130599440791298, -0.127012500989301, -0.118662699387336, -0.106622466949586, 
-0.0946526650007217, -0.0832596826080033, -0.0711717621215294, 
-0.0619775366748328, 0.0591632241643194, 0.0739967599135664, 
0.0887411541935982, 0.103196799593126, 0.118717079962712, 0.135038210339968, 
0.151170089348827, 0.166814795720651, 0.183193790893152, 0.196864680674822, 
-0.147794601259904, -0.145900546962351, -0.143623408588875, -0.138991588627568, 
-0.137636020938519, -0.137024300612534, -0.129919787630288, -0.118288043349471, 
-0.10688443705594, -0.0961022930603135, -0.0851565486633867, 
-0.0737571441407794, 0.0540884129550912, 0.0694105718252397, 
0.0847208940269766, 0.100077860635437, 0.116032216277855, 0.132076695920299, 
0.147729013177914, 0.164191785321229, 0.179300484614767, 0.193963862280978, 
-0.00785741437592518, -0.0255099352061808, -0.0158468510066284, 
0.0498529043910903, -0.0559801968488938, -0.00299428851657459, 
0.0839487381623274, -0.0698212685235379, 0.0111127037913978, 
0.00801655218378654, 0.0135665630606249, 0.0252630153056418, 
0.0361106608219342, 0.0469055432869329, 0.0590612474583894, 0.0690351247929345, 
0.0769837041029421, 0.0791357146264554, 0.0816979642505926, 0.0838335391001732, 
0.0848338299671487, 0.0855665889628224, 0.0472321430971563, 0.0401563972453197, 
0.0328908331431917, 0.0246329269480728, 0.0181388824460989, 0.0154319425421125, 
0.0122089367479344, 0.00655109486034979, 0.00753718734076902, 
0.00161477132972682, 0.00905088100448153, -0.002572527437068, 
-0.0133900158435571, -0.0254204138053368, -0.0382137004980862, 
-0.0481276928987103, -0.0577561725516422, -0.0618915264675406, 
-0.0656961730472736, -0.0691615038933114, -0.0711903599610228, 
-0.0724261007108254, -0.0538400986925191, -0.0496636750478362, 
-0.0451825822661955, -0.0398795850306538, -0.0366206064906213, 
-0.0374339382401143, -0.0358102025562965, -0.0336528693300617, 
-0.0391090049429375, -0.0353216867810561, 0.208172948447218, 
0.206336513028429, 0.199848819519508, 0.0514245882460636, 0.0458042780375435, 
0.0351840184269785, -0.0668761969456487, -0.0778515334469618, 
-0.148589422938263, -0.135244440440157, -0.148546850858068, -0.146032721911305, 
-0.144303298411202, -0.140413266459053, -0.135104854809092, -0.126765669575113, 
-0.116629304920634, -0.104938412529437, -0.0930538438587792, 
-0.0818541874825634, -0.0689919891586679, -0.0631745478057168, 
0.0579844727584712, 0.0732305612370626, 0.0882409204490567, 0.103157994875092, 
0.11848686592994, 0.134892359615512, 0.150986664458997, 0.166745410017855, 
0.183505202188025, 0.197250388251059, -0.148996961316509, -0.148675357118147, 
-0.148741604162252, -0.147177569798458, -0.143645841654914, -0.136075548506966, 
-0.126421562019522, -0.115610355812883, -0.104014165748552, -0.0933448924685697, 
-0.0812570837538043, -0.0732978101801567, 0.0541492500811737, 
0.0696106397825411, 0.0848818559244075, 0.100433474589258, 0.116339367934259, 
0.132297384398359, 0.148007361866875, 0.164389370685881, 0.180448363153269, 
0.193820220188557, -0.00577941218547649, -0.0290840118909352, 
-0.0163003922372964, 0.044676047341639, -0.0513531569112293, 
-0.00479483375737432, 0.076671158193675, -0.063308110401279, 
0.0111296977398789, 0.00974667727984155, 0.0139246456531038, 
0.0263247010378922, 0.038205326546641, 0.0497129820156308, 0.0603744335333942, 
0.0675101349308334, 0.0695109112372466, 0.071986628575644, 0.0746173499303531, 
0.0766614504838878, 0.0802406190984194, 0.0811741830440256, 0.0423648545901274, 
0.0363191235068748, 0.0299373457215873, 0.0229748552304254, 0.0161662269119962, 
0.0122945240026535, 0.00913724102369878, 0.00403000931816467, 
0.00259260793171583, 0.00113454361279602, 0.00843061165108124, 
-0.00386886024637106, -0.0156795241860548, -0.0277095753643676, 
-0.0389443750439287, -0.0466687695272438, -0.0504020120812932, 
-0.0536592046298429, -0.0574104697551536, -0.0607123895971555, 
-0.0639893770473209, -0.0687461730855661, -0.0500789943547458, 
-0.0470533052177272, -0.04312893573504, -0.0386830371810846, 
-0.0355618058545936, -0.0346721735653575, -0.0326597394242283, 
-0.0314156471171399, -0.0326021702004743, -0.0335824335449474, 
0.187873678580023, 0.183615751238262, 0.148680141488139, 0.0714035814477296, 
0.0683560425026293, 0.0601605783482647, -0.0564284834984205, 
-0.0681793785620557, -0.152666936701987, -0.124630243109942, 
-0.152309021857152, -0.152947726547493, -0.150387229793932, -0.143438015102805, 
-0.136401651335231, -0.126643816091271, -0.115633381609103, -0.103767530429545, 
-0.094104543002113, -0.08263258840138, -0.0660703397008108, -0.0545194088556602, 
0.0646189744494038, 0.0803680450998904, 0.0956619035122484, 0.108877969675107, 
0.120656780148857, 0.134950648415311, 0.150571607318484, 0.165905153934981, 
0.179352434895021, 0.190137813863696, -0.152929673062789, -0.154766913409566, 
-0.154889484989245, -0.151179402368848, -0.143703534242592, -0.135951611791411, 
-0.124311533747417, -0.114297242955071, -0.104969504538416, -0.0931150676111433, 
-0.0782761018174613, -0.0675309970688416, 0.0574543203979523, 
0.0727891513043323, 0.0896342318718287, 0.103757374557218, 0.116739693063281, 
0.13132342887708, 0.146853995288327, 0.162297760040667, 0.176431742974263, 
0.188208558908706, -0.00181586238677225, -0.0309586896763382, 
-0.0135934397357458, 0.0578923233487771, -0.0647394136137485, 
-0.00507178552834316, 0.0815131064552196, -0.0712863681785589, 
0.0112975118447763, 0.00967886434099843, 0.01454637084619, 0.0271389463342866, 
0.0406158923452656, 0.0518630181470155, 0.0626010908887945, 0.0723881917812971, 
0.0708334154455318, 0.0770950477742803, 0.0790123835107617, 0.0735720794931474, 
0.0780625945225077, 0.0832272252499153, 0.0595647510599155, 0.0537675745858223, 
0.0446085705415043, 0.034213557227117, 0.0248798630354123, 0.020061285427017, 
0.0162611204532035, 0.0119614597303811, 0.0064611390646384, -0.00240202889500852, 
0.00845419175438655, -0.00365040159473732, -0.0166575704184585, 
-0.0296207721361403, -0.0412855562033207, -0.0495373911903218, 
-0.0511776632129243, -0.0589524494217062, -0.0621141353218888, 
-0.0597649602557868, -0.0659563896365103, -0.0726766758152552, 
-0.0650624099608996, -0.0636765446254768, -0.0576838466731526, 
-0.0499020438998325, -0.0440738546466017, -0.0425550368967689, 
-0.0410831923842856, -0.0394939489992843, -0.0365988509013478, 
-0.0301802929989475, 0.205809040766542, 0.203394154753847, 0.162082846776881, 
0.0530571130194655, 0.045900729704757, 0.0381363010923998, -0.0459619041999833, 
-0.0581261940224542, -0.156143848334883, -0.131476319640704, 
-0.155661152042453, -0.153389556016763, -0.15316912844397, -0.147079316111367, 
-0.134791869026466, -0.12460776336538, -0.114515192844098, -0.101152679894733, 
-0.0898418670779208, -0.0814235626788987, -0.0682500293873776, 
-0.0539330389812205, 0.0603916593601796, 0.0755249003601817, 
0.0905504185342986, 0.104869386433745, 0.119174110941132, 0.135178126900347, 
0.151508004376705, 0.167698735330349, 0.183256084553574, 0.196931257941085, 
-0.155980676255129, -0.155199846980211, -0.159010545175102, -0.153086471424299, 
-0.143819130166857, -0.134103196171555, -0.123441263911373, -0.110614900818146, 
-0.0996658362989365, -0.0930316255096541, -0.0800098342217628, 
-0.0659074729820276, 0.055623136010787, 0.0711985835595262, 0.0865448997108735, 
0.101571921036018, 0.116541183341335, 0.132507044277017, 0.148594440236526, 
0.164263509519033, 0.179404877849288, 0.193681755597833, -0.00616559849464496, 
-0.0285035223115033, -0.0138930584767701, 0.0502843956434579, 
-0.0562514745413631, -0.00410483299302506, 0.0803783245860058, 
-0.0713665105821274, 0.0117642636870525, 0.0104598173657023, 
0.015446485165451, 0.0276384223225642, 0.0404665245703203, 0.0558050146000566, 
0.0632331573322048, 0.0675922995928154, 0.0675734267750628, 0.0699840830687893, 
0.0749473176404364, 0.0764746279153137, 0.0750503111485435, 0.0784273296473098, 
0.046718128807602, 0.0401887181655538, 0.0338673934499678, 0.0260996373748138, 
0.0178970764704952, 0.0135544930420738, 0.0102182832158366, 0.00911658595434444, 
0.00784673167983433, 0.00155884772697941, 0.00794635422485683, 
-0.00311235622519925, -0.0166277918501818, -0.032238725705549, 
-0.042034883929378, -0.0463434486670971, -0.0469711565405917, 
-0.0525117449075566, -0.0591032704568739, -0.0622648721063093, 
-0.0618873734251788, -0.0681168238429782, -0.0539088927193999, 
-0.050534782052712, -0.0469619492103478, -0.0418645229284433, 
-0.0368474150455662, -0.0349085645116548, -0.03456267877141, 
-0.0365500784869349, -0.0380843648145874, -0.0348173575760602, 
0.195869058734316, 0.192999496191394, 0.165174212543666, 0.070352432012569, 
0.0634518940855084, 0.0366425762001909, -0.0679101718885915, 
-0.0816954944804719, -0.150338760290818, -0.0872137355706197, 
-0.150592529651282, -0.150334393093037, -0.150449711281967, -0.146029398228885, 
-0.135007951273577, -0.124240285007858, -0.116789648590538, -0.106721848665084, 
-0.0927133334683405, -0.0808924907446329, -0.0703951647356023, 
-0.05762783639426, 0.0618603553937287, 0.0767656139888024, 0.0911547005041, 
0.10562806886092, 0.119274057640278, 0.134599743184482, 0.151198769361248, 
0.167440188704917, 0.183217454275127, 0.195634451191684, -0.15103530895981, 
-0.151623054938309, -0.156719172838828, -0.151672022339427, -0.143217245915419, 
-0.134683279155852, -0.126847768307877, -0.117505690026259, -0.104444096349619, 
-0.0928685005992676, -0.0824212469900844, -0.0721180531789851, 
0.0549429557967177, 0.0709312687467026, 0.0867544025098476, 0.100701598920887, 
0.115686870616316, 0.13154142369936, 0.148129528974023, 0.163401165998421, 
0.178704847981429, 0.192051056848666, -0.00307900639805511, -0.0312837670326735, 
-0.0139785409708276, 0.0487185107811016, -0.0568428532413103, 
-0.0021468476562569, 0.0810106448702357, -0.0687607264673973, 
0.0107576038248974, 0.00644780317580377, 0.0148410280405844, 
0.0273589548293841, 0.0394422667298784, 0.0533797244782308, 0.0586515078661134, 
0.0651847356660555, 0.0737220854596921, 0.0733995887383536, 0.0749167357816374, 
0.0800966427003077, 0.0825208147131135, 0.0859320646930357, 0.0532005778178785, 
0.0457228122722479, 0.0374378730706931, 0.0293856296148127, 0.0202616331138335, 
0.0140073280121695, 0.0122178200486968, 0.0122812515915814, 0.00888928861042324, 
-0.00025575477687732, 0.00842438375613103, -0.00420016566686828, 
-0.0154807302569249, -0.0294127124250683, -0.0375032639055724, 
-0.0450925803445064, -0.0540313562694091, -0.0564138039233366, 
-0.058081014388336, -0.0658572911171451, -0.0702573899128112, 
-0.0751619725541653, -0.0592516971661091, -0.0569464994497984, 
-0.0509746628126559, -0.0437702869035526, -0.0383214207782517, 
-0.0342302135466297, -0.0355182449199388, -0.0398090094990497, 
-0.038654900303078, -0.0328925975702872, 0.188689990885973, 0.186230631166615, 
0.165805875436436, 0.0705083784532554, 0.0640109259223611, 0.0383607704280646, 
-0.0469255158175888, -0.0574916617723784, -0.158681964511739, 
-0.140597043243365, -0.157711499035053, -0.154662800819805, -0.151674687833181, 
-0.144663964569618, -0.133485966225582, -0.123728149631195, -0.113131992844585, 
-0.102234924107207, -0.0917733972007838, -0.0816308348092562, 
-0.0682653487104334, -0.05609761089985, 0.0662863315765641, 0.0794555997875011, 
0.0934975173918777, 0.107991622235608, 0.119961680173725, 0.134481572588429, 
0.150416715533902, 0.165873661590057, 0.180132267384417, 0.191828518886649, 
-0.158128533422265, -0.156221498627208, -0.155391052409436, -0.151161922947274, 
-0.140386555477088, -0.132256152687179, -0.122058612121175, -0.112613520714158, 
-0.102748267592162, -0.0922859439086113, -0.079258976487916, 
-0.0667658970701847, 0.0586614231716752, 0.0728805448715698, 
0.0883834502831732, 0.104307985583203, 0.116741214679495, 0.131426530548704, 
0.146892935523883, 0.162300631776069, 0.176959889173393, 0.189947630443682, 
-0.00128436470998814, -0.0308192814445534, -0.0148044880028931, 
0.0543690561031549, -0.0625365197058227, -0.00404427955086351, 
0.0769478942665988, -0.0682163968656984, 0.0112492581773612, 
0.0109997545184688, 0.0163344501114094, 0.0283026034678414, 0.041161359862499, 
0.054954865556318, 0.0634158547212914, 0.0681295492529429, 0.0722332245089242, 
0.0762522639441106, 0.0783618762562069, 0.0765124215303676, 0.0758683205259281, 
0.0772479749803618, 0.0567214245106497, 0.0486122369701941, 0.0409381350652546, 
0.0324869607131779, 0.0220627594766038, 0.0168479836601542, 0.0144985962516773, 
0.0109151879450836, 0.0067491794164707, -0.00131065736328655, 
0.00651040201529263, -0.00502495075054544, -0.0173138910265529, 
-0.0325184563221134, -0.0408052159960941, -0.0465294516583173, 
-0.052417665416231, -0.0584720379906508, -0.0602460594995787, 
-0.0610481388410548, -0.0621723706596431, -0.0659751038678248, 
-0.0635766677254213, -0.059063607491805, -0.0555271809268644, 
-0.0495932788525063, -0.0409786045346809, -0.0390218805542519, 
-0.0391045327532322, -0.0381132148646132, -0.0366210449511603, 
-0.031544251482096, 0.197510376909661, 0.193550320965976, 0.144170589113816, 
0.0648342168568428, 0.060719070013174, 0.0311208729499752, -0.0662616542900143, 
-0.0780979832409387, -0.143982237764481, -0.118402765711781, 
-0.143951285094026, -0.143733170344054, -0.142838953746458, -0.140118627438565, 
-0.134453034253817, -0.127668076525947, -0.118118232124454, -0.10569324294177, 
-0.093646502647739, -0.0826464792913308, -0.0708872409585999, 
-0.0597493159372412, 0.0644129004438699, 0.0780115235322316, 
0.0926411264464605, 0.108328693159045, 0.120977496225331, 0.135382787543187, 
0.150793284173538, 0.166377465190492, 0.181221544216064, 0.194391529444726, 
-0.144053351374695, -0.146169705623426, -0.145497405240405, -0.145350720460819, 
-0.140449119674211, -0.138154419475198, -0.126781708381492, -0.115525458878454, 
-0.104941165927803, -0.0949338109392528, -0.083762085193274, 
-0.0731578248246186, 0.05587993487549, 0.0716704676486242, 0.0876324758785917, 
0.10254818330153, 0.11684556993296, 0.131868635614092, 0.147133079151513, 
0.16231879156762, 0.177168544683922, 0.191516098466133, -0.00395997926814516, 
-0.0330749249630346, -0.0124220699769163, 0.0568761363833112, 
-0.0625107995290758, -0.00258494803928424, 0.0874366575267863, 
-0.0745389198784703, 0.0085183408791384, 0.00941026876066374, 
0.0139389112754396, 0.0261851654925432, 0.0378636324482107, 0.0493257504242691, 
0.0598874226687299, 0.0694367522305334, 0.0779694933554952, 0.0780811183946337, 
0.0821396701763198, 0.0859445869326639, 0.0877166490713359, 0.0888714175479612, 
0.0575186108265728, 0.0489730400839774, 0.0423902802653259, 0.0352902173773051, 
0.0253655321750222, 0.0207696446766101, 0.0162055367631892, 0.0127599055413097, 
0.00837274262659006, 0.000822514908379089, 0.00723633452259964, 
-0.00422492269777986, -0.0157536196038489, -0.0273773388271375, 
-0.0381434653612534, -0.0498418665554537, -0.0547517204938005, 
-0.0589841782694599, -0.0654978140211512, -0.0703204420451472, 
-0.0736917847685387, -0.0769811395076383, -0.0634976082475178, 
-0.0602972443009735, -0.0561706157453558, -0.0502981796112339, 
-0.0461185628737169, -0.0434118411421474, -0.0409081702854635, 
-0.0388073518814603, -0.0367287148447896, -0.0344081105961223, 
0.193200163171297, 0.190278757073822, 0.153148424510309, 0.0622527705739022, 
0.0587795040978336, 0.0457167474933477, -0.057973383845952, -0.0720017567265318, 
-0.153601650079546, -0.121466774625762, -0.153448994064565, -0.150625826704521, 
-0.147032650173267, -0.142102454706001, -0.133037569387833, -0.123904707100795, 
-0.112021230415246, -0.103486928119003, -0.0922743131774497, 
-0.0829466626921498, -0.0673701363494643, -0.0548287717987575, 
0.0634844865939569, 0.0784281280174156, 0.0943649145937323, 0.108200731010399, 
0.120790100103518, 0.134621870424724, 0.150554849969692, 0.165901409549646, 
0.18004225123677, 0.191909788605053, -0.153769100053539, -0.152536213490497, 
-0.151638505798779, -0.148010386460992, -0.1422679054795, -0.131863862893067, 
-0.12239837616363, -0.115167692263903, -0.103996768258211, -0.0952177217483436, 
-0.0804130033789393, -0.0685924520222554, 0.0560628847020507, 
0.0726987674507787, 0.0886345058905264, 0.103124232985466, 0.116530957192096, 
0.130946896064338, 0.146515783224193, 0.161984354917367, 0.176527568491843, 
0.189294950034426, -0.00441130715959388, -0.029697972638702, 
-0.0130635692454728, 0.057702782308331, -0.0639581455423551, 
-0.00366009317960629, 0.084802225933809, -0.0727798969021004, 
0.0123263362371397, 0.0106790246311113, 0.0151148483297149, 0.027430071125157, 
0.0392817966874624, 0.0513526910868804, 0.0601950435949841, 0.065772153590625, 
0.0689712848905219, 0.0783926970075675, 0.0839421604886152, 0.0804469597975208, 
0.0806405772843564, 0.0879404652790986, 0.0572169933835865, 0.0507394232166972, 
0.0442088455645715, 0.0340855994217032, 0.0254277466668752, 0.0202488954058492, 
0.017568687367206, 0.0128456591559991, 0.00779968375368288, -0.000570708032914029, 
0.00789754888565175, -0.00405725763161648, -0.0161127639366032, 
-0.0288965718223234, -0.03982163070113, -0.0436469502304572, 
-0.0511371618697433, -0.0616020162848694, -0.0692625394536113, 
-0.0662359683325901, -0.0678498301041274, -0.0762589700337013, 
-0.0648708146079603, -0.0622582121264634, -0.0563853870067242, 
-0.0495463480114873, -0.0439004111215774, -0.0422087279190707, 
-0.0418435360018809, -0.0399058152747066, -0.0377407347821612, 
-0.031346861141168, 0.214017098036504, 0.213246523579768, 0.176535882634614, 
0.0521669834278362, 0.046872538841362, 0.0426844448772284, -0.0795158530407242, 
-0.0903230221151144, -0.154547782001338, -0.132535785853376, 
-0.154548377348976, -0.150601275124111, -0.145345464586775, -0.137973995440111, 
-0.129989088703293, -0.121655067195159, -0.111408595966136, -0.100127153091466, 
-0.0911141686770395, -0.0843517826657651, -0.0736756931852144, 
-0.0578723867738784, 0.056481386189935, 0.0721878386529102, 0.087102149418852, 
0.102380913882016, 0.119465855871749, 0.136183610988562, 0.152791374899922, 
0.168718495853238, 0.184364682820659, 0.198455817485046, -0.154753018488134, 
-0.152511462166484, -0.14869423180081, -0.143369579502084, -0.136926981393101, 
-0.130509649367347, -0.121320415387225, -0.110812260437648, -0.102806488991498, 
-0.0977178164745073, -0.0862091964067424, -0.0706143162657376, 
0.0541814698513638, 0.0693625277823352, 0.0837402770382311, 0.0996904794247728, 
0.117416190339574, 0.133803415867071, 0.149480491587914, 0.165231504348605, 
0.180604432872665, 0.194664521877063, -0.00896237305484808, -0.0271231061503609, 
-0.014194203267115, 0.0391568543939615, -0.0465126560277207, 
-0.00294249724533353, 0.0778581649100647, -0.0638910293101669, 
0.0126052583338402, 0.0118857002794136, 0.0152009894419862, 0.0269014629105932, 
0.0367260122801863, 0.0444763818111524, 0.051822177691266, 0.057430795158826, 
0.0633822827560232, 0.0713331482584282, 0.0801617917868893, 0.0854270141287153, 
0.0846939485804726, 0.0870108642252033, 0.0372249803399602, 0.0319223773054877, 
0.0266627958899266, 0.0188020969955362, 0.0144099213701583, 0.012985038605059, 
0.0117287174480822, 0.00808756195546315, 0.00505867969683429, 
0.000649791739457822, 0.00885597205337088, -0.00294524996870851, 
-0.0130606572602942, -0.0224987474677518, -0.0312632311830427, 
-0.0376703289285367, -0.0441160320838971, -0.0534840934806294, 
-0.0641456508838192, -0.0711253739506656, -0.0726174417928137, 
-0.076411438375046, -0.0452321664547403, -0.0432153618429483, 
-0.0402680614131881, -0.0340325827650217, -0.0327248091308606, 
-0.0345488677360446, -0.0365524517144501, -0.0352546430885228, 
-0.0349086759459063, -0.0327590498239255, 0.200495960345202, 
0.197642916784818, 0.168645049097135, 0.0564363141578891, 0.0524325865394859, 
0.0338533750813209, -0.0700305778788632, -0.0800419263329802, 
-0.145543854530321, -0.0862380684681158, -0.146008524409982, 
-0.145324237378185, -0.144511904767526, -0.14066494786459, -0.133141953677697, 
-0.12569565853122, -0.11933449180405, -0.106648512198186, -0.0942548498362434, 
-0.0821835184550772, -0.0713500295712638, -0.0623752999526513, 
0.0608092859423085, 0.0758529388513852, 0.0910190630373601, 0.106299806756038, 
0.119297808575912, 0.132312541414167, 0.149128206378472, 0.165306874710257, 
0.181166184712293, 0.195504825455588, -0.146657333992492, -0.148288067652665, 
-0.149524065925695, -0.147371535742423, -0.141264791303176, -0.132287212863405, 
-0.126993741888301, -0.116396157230393, -0.105139406067614, -0.095838594957687, 
-0.085093904849186, -0.0758971933769789, 0.0559313340215305, 
0.0710755661273428, 0.0863537797044647, 0.101780727089831, 0.116077431574718, 
0.130027912557635, 0.14609041053464, 0.161515687647198, 0.177065514070479, 
0.191978260339499, -9.97866532839167e-07, -0.0304808091978554, 
-0.0141953674481991, 0.0557294213567974, -0.0645361521228706, 
-0.00253291045815343, 0.0864726640395313, -0.0742889910943196, 
0.0111996548248126, 0.00688268411829703, 0.0140768237697294, 
0.0262982634471722, 0.038066475571834, 0.0491941460281732, 0.0583759173687154, 
0.0674578492738182, 0.0778508850155426, 0.078867951591294, 0.080090894919428, 
0.0841238743202896, 0.0895786776706509, 0.0931244513985676, 0.0533631630261569, 
0.046841428288923, 0.0403397223442136, 0.0329636858511274, 0.0226961230176482, 
0.0136226042086293, 0.0102992587334092, 0.0110913154163873, 0.00969424725017476, 
0.0040160666403184, 0.00764716571904808, -0.00419327409831223, 
-0.0157594364456528, -0.0274494059558503, -0.0369526233514241, 
-0.0444156823786456, -0.0546495625204008, -0.0591151335862268, 
-0.0649194144572378, -0.0715248207552786, -0.0751712817431208, 
-0.0761921279606903, -0.0635441032667935, -0.0585882198307115, 
-0.0539115101615851, -0.0487756223441164, -0.0420692891615089, 
-0.0360025958575271, -0.0360589270338788, -0.0389406781691183, 
-0.0395908297410645, -0.0361056482036143, 0.215539165871434, 
0.213554828740542, 0.186659710876091, 0.046525354666838, 0.0460472735547046, 
0.0252929156631918, -0.067331650331533, -0.0794110779266338, 
-0.14940301860225, -0.130515830867105, -0.149586518718069, -0.148575642917208, 
-0.145861491164605, -0.141213904634991, -0.133830568020353, -0.125524011440721, 
-0.11457018473349, -0.102260708956228, -0.0909941515227479, -0.0813054098481028, 
-0.0665731773037751, -0.0616456199843735, 0.057923452588894, 
0.0729097515571387, 0.0874021879367612, 0.101849842397251, 0.117643215150786, 
0.135170076364644, 0.151829018422641, 0.168025364346596, 0.183958844769166, 
0.19790389112724, -0.150039644611011, -0.151535357855335, -0.152020838975076, 
-0.149099908746367, -0.142656415555007, -0.135325143332466, -0.124132572709669, 
-0.110972723369751, -0.100722677491392, -0.092723127644281, -0.080277728036945, 
-0.0760296470672043, 0.0537932078884923, 0.0690141717924177, 
0.0842659936017476, 0.099832994681575, 0.116396028639954, 0.13326932469468, 
0.149276166484421, 0.165157877329468, 0.180511389225728, 0.194386703994288, 
-0.00788360660312024, -0.0284416529698939, -0.0152800758725957, 
0.045513223991677, -0.0510932747227827, -0.00360753386643142, 
0.0785407082288498, -0.0653730420987365, 0.0113760146810069, 
0.00959632398418033, 0.0143319328446503, 0.0263853016503433, 
0.0388426527433531, 0.0498027032393247, 0.057626269375493, 0.0615160130413576, 
0.0644724147927947, 0.0694285731875168, 0.0748251736554132, 0.0776890726303806, 
0.0835038730853988, 0.0896313423748705, 0.0417833906231296, 0.0357921680903655, 
0.0288610749911334, 0.0210135553338026, 0.0127499341011498, 0.00954267210646699, 
0.00759610506268533, 0.00502879706639419, 0.00319029901730728, 
0.000716051429586903, 0.00817391729057754, -0.00339038028823679, 
-0.0161500273721121, -0.0282011943044222, -0.0369117781985818, 
-0.0407011588378469, -0.0438512462996904, -0.0507193724321022, 
-0.058820114663718, -0.0632912512708515, -0.0695566790857204, 
-0.076051563057451, -0.0498169544588645, -0.0457410530669924, 
-0.0411984274031705, -0.0361224203811205, -0.0320008542795117, 
-0.0322889932165354, -0.032817947446022, -0.032862475908132, 
-0.0330969475913978, -0.0322595329231694), .Dim = c(54L, 2L, 
24L)), ID = 1:24, Binom = structure(c(6L, 13L, 7L, 8L, 9L, 11L, 
1L, 3L, 2L, 4L, 10L, 5L, 16L, 20L, 21L, 12L, 22L, 18L, 14L, 17L, 
23L, 24L, 19L, 15L), .Label = c("Amblysomus_corriae", "Amblysomus_hottentotus", 
"Calcochloris_leucorhinus", "Calcochloris_obtusirostris", "Carpitalpa_arendsi", 
"Chlorotalpa_duthieae", "Chrysochloris_asiatica", "Chrysochloris_stuhlmanni", 
"Chrysospalax_trevelyani", "Chrysospalax_villosus", "Cryptochloris_wintoni", 
"Echinops_telfairi", "Eremitalpa_granti", "Geogale_aurita", "Hemicentetes_nigriceps", 
"Hemicentetes_semispinosus", "Limnogale_mergulus", "Micropotamogale_lamottei", 
"Micropotamogale_ruwenzorii", "Oryzorictes_hova", "Oryzorictes_tetradactylus", 
"Potamogale_velox", "Setifer_setosus", "Tenrec_ecaudatus"), class = "factor")), .Names = c("meanshape", 
"ID", "Binom"))
