structure(list(meanshape = structure(c(-0.318923347351576, -0.299635753618873, 
0.00727267835023828, 0.148409856869823, 0.297128376752887, 0.387876723499259, 
0.238271768459275, 0.256026308032463, 0.204251773944681, 0.151500496150575, 
0.0971291355982884, 0.042162555071135, -0.0131592222089295, -0.0682336215641123, 
-0.122120814636003, -0.175747191341638, -0.228963652346731, -0.279209093021901, 
-0.324036976638859, -0.033868408022206, -0.0453566334706743, 
-0.0737990474173459, -0.0839743672322971, -0.174479629516943, 
-0.0487968387284849, 0.0482551991074423, 0.0486186587582747, 
0.0460190581212825, 0.049801225997723, 0.0544438749901882, 0.056706288958527, 
0.0570114771258657, 0.0500950076329717, 0.0397314343812066, 0.0288854466466457, 
0.0165981891611228, -0.00379950794333305, -0.0320914285499662, 
-0.318346164339474, -0.28410511003195, -0.026047272183808, 0.122208053454824, 
0.261976019975157, 0.391780433550245, 0.268810872972728, 0.266757205568214, 
0.212503283351869, 0.158560903402662, 0.10316595099624, 0.047136301385357, 
-0.00885906819838185, -0.0659493534269049, -0.123496914951682, 
-0.179529124846571, -0.233479733409196, -0.27850759979248, -0.314578683476848, 
-0.053578354276366, -0.0618403842878177, -0.0916605001227619, 
-0.0855617279230431, -0.162001431338733, -0.0320482192000269, 
0.0357695185996498, 0.0381165147564492, 0.0401535616174109, 0.0497571791818711, 
0.0587700244696587, 0.0613150431888738, 0.0649943966575949, 0.0631057203164819, 
0.0570844385525293, 0.0435844964372564, 0.0242853035339042, -0.00644483624475096, 
-0.0438007439181808, -0.309285853520241, -0.290723733597888, 
-0.0198741478780469, 0.122482001126506, 0.247090104419964, 0.401843517898498, 
0.262734152538568, 0.261642702112836, 0.210434091490453, 0.158239051608684, 
0.103282548417003, 0.0475094314812858, -0.0087944776911363, -0.0654343043948259, 
-0.120434728139475, -0.176989331052289, -0.230194667219202, -0.27770004900287, 
-0.315826308597823, -0.0434759563610786, -0.0798956269462825, 
-0.102303055927184, -0.0931055602167534, -0.180368178074652, 
-0.0653244814874994, 0.0650537413049201, 0.0646199181887444, 
0.0596183719258326, 0.0610437372314957, 0.0620842411892644, 0.0623629306865452, 
0.0617795238300634, 0.0578071111948533, 0.0484051578849732, 0.0420765098575536, 
0.0220363017000699, -0.00401943349788918, -0.0383952524829771, 
-0.315656979405272, -0.304242112385525, -0.0179005727065812, 
0.119767825131772, 0.260247604922249, 0.400915604748598, 0.266442594602769, 
0.260400246107103, 0.211180267503858, 0.15863692091592, 0.103935906083215, 
0.048562290217443, -0.00683107694016904, -0.0621136899605969, 
-0.117291536039104, -0.173353722372584, -0.228378673605132, -0.279125624305836, 
-0.325195272512126, -0.031729939653124, -0.064968086933092, -0.0866300265452715, 
-0.092370546031736, -0.159258152569181, -0.0193634246945202, 
0.0550506195055426, 0.0530845692166837, 0.0435623262178464, 0.0432867717135393, 
0.0441793311162712, 0.0449295132645317, 0.0469001205930658, 0.0448823275610507, 
0.040947537590157, 0.0372153846693112, 0.0244018188187069, 0.00279325613784991, 
-0.0269133999776317, -0.312133487077164, -0.297703209121366, 
-0.0268321440683512, 0.110860066612645, 0.336031742661435, 0.360467200767296, 
0.253655283806454, 0.258822271086229, 0.208166359607896, 0.15556816775411, 
0.100836295271073, 0.0455655174098702, -0.00920950415587921, 
-0.063788206841515, -0.119339503834998, -0.178640165905967, -0.230328702283058, 
-0.274915386238014, -0.317082595450695, -0.0361542014282494, 
-0.0505934033247109, -0.0861552057903175, -0.0923815091515646, 
-0.168794602808328, -0.0329966852897884, 0.0485138271786785, 
0.049492883033227, 0.0423592564621779, 0.0427207866590423, 0.0452284350851442, 
0.0478849655723742, 0.0522891643732578, 0.0534482991834221, 0.0568450186037334, 
0.0475015472305761, 0.0237608063450418, -0.00570087985593196, 
-0.0372685020777847, -0.319964639591099, -0.29190614038312, -0.00550568631441606, 
0.140169474957134, 0.254097664557642, 0.39193536885525, 0.264712900630423, 
0.262759448119202, 0.21066582450841, 0.156949978162932, 0.101732968713606, 
0.0459969149215793, -0.00995830101653853, -0.0668932023842208, 
-0.122459782636451, -0.17913199523016, -0.232157807712876, -0.280726686013769, 
-0.320316302143529, -0.0461622548673189, -0.0633236960905315, 
-0.0920541996294357, -0.0893103366397225, -0.155760619775839, 
-0.0458780872594054, 0.0477061864178758, 0.0458902332182299, 
0.0432775522525084, 0.0490337308471679, 0.0558378649727754, 0.05772807037976, 
0.0626154978108223, 0.0580975781078851, 0.0496467028967479, 0.0429885135620771, 
0.0218159435037929, -0.00341877904304329, -0.038729900664346, 
-0.301712309767883, -0.285404719520958, -0.0172099282247036, 
0.100816733000136, 0.358281071232953, 0.390419043288037, 0.222028747379716, 
0.245448844833315, 0.201977630192046, 0.150255869150591, 0.0965358379128382, 
0.0422702640525467, -0.0121244312604893, -0.0667490737805124, 
-0.12113029708534, -0.1761969316763, -0.231221784992715, -0.279473747554208, 
-0.316810817179068, -0.0245688712926252, -0.0410558702673672, 
-0.10046873269164, -0.0975232468785889, -0.20346762613887, -0.0298166781828091, 
0.0591024624604583, 0.0592600132972565, 0.0543736815698294, 0.0524846367049568, 
0.049897409031388, 0.0495139005158027, 0.0488744016263063, 0.0459912540259972, 
0.0429594403724255, 0.0384046631041579, 0.0252981569093115, 0.00118487271494964, 
-0.0304438668809399, -0.309241077702411, -0.29222556658857, -0.0438976222179239, 
0.12115350807385, 0.308080393779349, 0.372587710441228, 0.252608551593925, 
0.261683307454349, 0.209358132104475, 0.157203647430669, 0.10259933677611, 
0.0457889889253372, -0.0107084867023334, -0.0664878665547047, 
-0.12138230802353, -0.175238382712864, -0.227489126127235, -0.272389751942295, 
-0.312003388007425, -0.044437884585014, -0.052299653673134, -0.0979778851968735, 
-0.0901792171888211, -0.18651030604913, -0.043543771717675, 0.047282195444125, 
0.0479408049219653, 0.0468079572228083, 0.0553818901448312, 0.0661002185808812, 
0.0694716183559782, 0.0671047445732056, 0.0598652979160947, 0.0498967797925561, 
0.0361325124646658, 0.0190987961208531, -0.00862273148787866, 
-0.0415113656394384, -0.323927596996519, -0.303083173270849, 
0.00477023388135484, 0.146237264256257, 0.316674326060888, 0.349790898840569, 
0.251148228286148, 0.260960371789195, 0.208083041091761, 0.154311084422597, 
0.0996961843526926, 0.0446135093709255, -0.0107050729279107, 
-0.0660831668264522, -0.121646290084262, -0.176110540090895, 
-0.230189853875668, -0.280082058501247, -0.324457389778584, -0.037860030524802, 
-0.0442336101214709, -0.0798053961448692, -0.089832797744901, 
-0.164656831417675, -0.0317138252792381, 0.0423732657427388, 
0.0409860783506832, 0.0408430336945409, 0.0445597630303683, 0.05022180454798, 
0.0533875071309311, 0.0547779855068534, 0.0513630146476666, 0.0466512431914799, 
0.0348134692544409, 0.0217722910795637, -0.00152828307699723, 
-0.0321186818672936, -0.301488155316361, -0.288154141031655, 
0.00638623027967392, 0.146859900008023, 0.306062352476638, 0.392518847414149, 
0.227006173287139, 0.251635516889399, 0.202184863610301, 0.149781776263414, 
0.0954287114069846, 0.0403461951385351, -0.0145896045308461, 
-0.0693192051760235, -0.124109778207719, -0.179401465072799, 
-0.234334849323179, -0.286406458558043, -0.320406909557631, -0.0318382459934478, 
-0.0459098531859421, -0.120842409228806, -0.0936396292013572, 
-0.19524043250257, -0.0392886142421168, 0.0581729340053188, 0.058731416603579, 
0.0549440489877745, 0.056113467507963, 0.05717050008261, 0.0570388985179357, 
0.0529502685080939, 0.048534555038404, 0.0456544448767676, 0.0397187140225691, 
0.0272891657376053, 0.00464561427910247, -0.0342048438134836, 
-0.317433866424162, -0.294242211947337, -0.0195553186910044, 
0.125415156124283, 0.291768088355047, 0.388149799553236, 0.253975540776051, 
0.260656965954253, 0.208305396893145, 0.154932346496705, 0.100388532740994, 
0.0451779739433781, -0.0104603033927267, -0.0656880261777056, 
-0.120910682707893, -0.175730346871548, -0.228540971743623, -0.275834831585552, 
-0.320373241295541, -0.0397967065122561, -0.0547648543543406, 
-0.0773720454214516, -0.0836508628105305, -0.169077207120496, 
-0.0421892706918915, 0.0456343920755656, 0.0457330423556312, 
0.0436703012315287, 0.0481108065514515, 0.0549265723617931, 0.0580210691210408, 
0.0580783425562924, 0.0526249876240152, 0.046945458436461, 0.0355298558439776, 
0.0190898195081409, -0.00639777891618048, -0.0351159218387515, 
-0.299763681103861, -0.284754127678802, 0.00654115152257803, 
0.106951086008971, 0.370771514738777, 0.385063047117835, 0.211338446208256, 
0.246135170100342, 0.198512246663353, 0.14717464083372, 0.093574127745227, 
0.0392814044885862, -0.0154371970072601, -0.0697520282987785, 
-0.125159173073627, -0.181495287236131, -0.234409622391651, -0.278728243102739, 
-0.315843475534795, -0.0284854171000494, -0.048780067129178, 
-0.0988331822668174, -0.100109874883429, -0.189229268978928, 
-0.0579399438227352, 0.0542036221383809, 0.0571386383438671, 
0.0517000027660435, 0.0499828406182398, 0.0524188821062252, 0.0570229035966582, 
0.0575492582958958, 0.0558644485079635, 0.0559712738654384, 0.0455674931653717, 
0.0264322214308614, -0.00297777278592166, -0.0374960578678869, 
-0.330962353093236, -0.320030481629548, -0.0357845148262149, 
0.0589378985512881, 0.318939283959237, 0.350368728923066, 0.296269095446331, 
0.278862363939346, 0.222910526376682, 0.167762033230914, 0.111366801458154, 
0.0547123440022991, -0.0011752368130567, -0.0568322425052944, 
-0.112807273667476, -0.168926545949883, -0.224812775265691, -0.279564370595366, 
-0.329233281541551, -0.0275997345544153, -0.0318520657566526, 
-0.0340875932757627, -0.0324408377608766, -0.113266038052751, 
-0.0316621367286082, 0.025442193300579, 0.0321150574580978, 0.0400050912596684, 
0.0337198457421114, 0.032931120717685, 0.0329313003291015, 0.0311300751281975, 
0.0262309517906617, 0.0203432002372462, 0.0134561683459117, 0.00712930377500343, 
-0.000821846850797919, -0.0237040551043991, -0.338425321164098, 
-0.317063445272403, -0.0282302939317129, 0.14176280627447, 0.311467006219268, 
0.329504092737767, 0.288195308569874, 0.271518048508038, 0.216062398753703, 
0.16196845791877, 0.107162191438806, 0.0515497625507555, -0.00442660126445979, 
-0.0608656107676958, -0.116899339252692, -0.172587991509942, 
-0.227618807069387, -0.282592506128319, -0.330480156610742, -0.0359500036496207, 
-0.0438624576951324, -0.0368535230764786, -0.0442591983318047, 
-0.108365279043061, -0.0293582864358373, 0.012488677787606, 0.0152617776256321, 
0.0221061450665987, 0.0370630042726707, 0.0448914881561582, 0.0441196037737033, 
0.0396317937140317, 0.0357618438944437, 0.031891897861416, 0.0246568699657541, 
0.0151693518550066, 0.00251567352907994, -0.026909379270167, 
-0.336557611900966, -0.320811684844637, -0.0310434118215903, 
0.143798596605142, 0.311042383724497, 0.335804638509751, 0.287548751912428, 
0.270901053456991, 0.215104971631333, 0.161129855700878, 0.106888743944376, 
0.0512172419899539, -0.0047054385620361, -0.0606031243577976, 
-0.116461297982236, -0.172071418436533, -0.227282904331584, -0.282400853988641, 
-0.331498491249331, -0.0348845740833522, -0.0433508502822495, 
-0.0306913195836228, -0.0364558832785244, -0.105513709272768, 
-0.0236706007534223, 0.00742975126094462, 0.0101374885615343, 
0.0175988928085755, 0.0331988213390282, 0.0419424112604584, 0.0430970909093312, 
0.0409839971226041, 0.0362608133883454, 0.0302951880463743, 0.022606647017318, 
0.0135494575223261, 0.00256299017409214, -0.0250966121569932, 
-0.334052576716849, -0.322479319069297, -0.0326878258105538, 
0.124577202163708, 0.307592501931115, 0.344944783595386, 0.288560774164638, 
0.271357946551456, 0.215906264411756, 0.162699959095252, 0.108046078921916, 
0.0520989174334093, -0.00381318732122445, -0.0598073657599979, 
-0.115707595328524, -0.171474706338649, -0.226660820811422, -0.281275134264924, 
-0.327825896847197, -0.036791786803348, -0.0425485997148731, 
-0.0382514158772311, -0.0418133538029364, -0.0972706584724653, 
-0.0324119159137403, 0.00778062579140787, 0.00934103054587237, 
0.0195564559244575, 0.0371305874841137, 0.0471359695827521, 0.0494606787931539, 
0.043935480005615, 0.0373932276163355, 0.0301985831642771, 0.0228497998440606, 
0.0135777612824879, 0.000578360974593747, -0.029850830424533, 
-0.328912349903184, -0.313387928138785, -0.0530700249254625, 
0.120760528440785, 0.307984299494603, 0.335110082047185, 0.292184042362278, 
0.272810259827263, 0.217797943187723, 0.164680157996297, 0.109507256922213, 
0.0525961311275255, -0.00422882580060933, -0.060610315091103, 
-0.116267627854163, -0.171003600241107, -0.225311600856177, -0.278313112557113, 
-0.322325316038168, -0.0469300539308114, -0.0560305533190384, 
-0.0344727007411488, -0.046268568647688, -0.125274784924255, 
-0.0383874933063178, 0.0115646432789195, 0.0153673025573165, 
0.0242323666400137, 0.0424809305618003, 0.0544407449172461, 0.0583439456026457, 
0.0548697386656782, 0.048593396915758, 0.038842517258758, 0.0261290442335946, 
0.0123325687472762, -0.00382808466213314, -0.0360049598476141, 
-0.33491792930693, -0.321393201551539, -0.0214665421211959, 0.129963775220924, 
0.310510891723552, 0.343982263881351, 0.284374949667135, 0.269295227191786, 
0.214108413728887, 0.160886805689882, 0.106772954397556, 0.0509839264001371, 
-0.00500256608341618, -0.0610587579711757, -0.116874632835487, 
-0.172413551792647, -0.227335403479277, -0.281853273126782, -0.328563349632759, 
-0.0371223638795529, -0.0428610571910641, -0.0413963907505942, 
-0.0453544490348141, -0.100783752937815, -0.0270013721449293, 
0.00541869225495118, 0.00769153715969057, 0.0181586500334098, 
0.0356357165917433, 0.0471016988052738, 0.0495534788223893, 0.045810914044845, 
0.0407094444038623, 0.0336592279596317, 0.0248549317186156, 0.0141344804240995, 
0.000829842369806787, -0.0290392286495496, -0.319072398229254, 
-0.299907670899476, -0.064821206572592, 0.102436002620696, 0.302184992506572, 
0.370196573967863, 0.278068925434701, 0.269549771075128, 0.214810535160516, 
0.161546885607451, 0.107720826431231, 0.050763693382562, -0.00692716969892167, 
-0.0632415844538062, -0.117956711297702, -0.17226195658438, -0.224773755236005, 
-0.27368872750457, -0.314627025710013, -0.049799941470941, -0.0592447935552605, 
-0.0408542242026871, -0.0468734214619838, -0.160839362715977, 
-0.0342732432751678, 0.0208161946577943, 0.021823432688272, 0.0280405416635756, 
0.0438051055017573, 0.0588805321406563, 0.0657023499086939, 0.0636359366270411, 
0.0551671457529944, 0.0430785688235159, 0.0301620428438189, 0.0129226050469796, 
-0.00971092313611951, -0.0424385458369627, -0.33762999916341, 
-0.293204088272942, -0.0490631032377364, 0.112981525307519, 0.305530244674714, 
0.340230381812092, 0.29875550558919, 0.274992306863329, 0.219970577955603, 
0.165662603046546, 0.109586995629245, 0.0533168513898288, -0.00308358393540118, 
-0.0595713093100218, -0.116321862267993, -0.173195736973115, 
-0.229445723695531, -0.287145511030505, -0.33236607438141, -0.0377091514070366, 
-0.048196697913453, -0.0469101535302959, -0.0505166898228054, 
-0.0990782124076466, -0.0301447750366784, 0.0129636663850602, 
0.0164330842790865, 0.0267494427683619, 0.0418919157615905, 0.047324271486265, 
0.0446982920520625, 0.0390723447919387, 0.0330788299786413, 0.0265758726933924, 
0.0238140741876852, 0.0208503888174347, 0.00791760993794806, 
-0.028814113021551, -0.336048241983277, -0.313831661143173, -0.0122158348973328, 
0.148121348834413, 0.248915108289994, 0.359025528467557, 0.291925584206461, 
0.272898987360324, 0.218707367121374, 0.16532624564533, 0.108686183170157, 
0.0509579450846168, -0.00593715987246284, -0.0626145350481558, 
-0.119552741690456, -0.176298560064516, -0.231360915867511, -0.281489775260332, 
-0.325214872353011, -0.054298953125392, -0.0573796339462387, 
-0.0482265086397708, -0.0618345869039429, -0.102749452649467, 
-0.0486695053889761, 0.0124333819963344, 0.0162965341014905, 
0.0288695574462617, 0.0470138490056674, 0.0577837014677671, 0.0573877823569916, 
0.0529523772532995, 0.0480890130160898, 0.0443797977406444, 0.0346075931808654, 
0.0187594019236009, -0.00626365484384258, -0.0391506939913827, 
-0.314969304115034, -0.27763510384717, -0.0821585561376996, 0.102723503215186, 
0.324207961833279, 0.372760088464199, 0.278938009862351, 0.267474387098089, 
0.21249555753044, 0.159360471595498, 0.105583813627921, 0.0492852680427302, 
-0.00727838871703724, -0.0636427442457885, -0.119986102389991, 
-0.176199486962102, -0.231974598776411, -0.28270433203172, -0.316280444046739, 
-0.0525357316858542, -0.0647623791327279, -0.0493817385704503, 
-0.0459973057775057, -0.133231413971003, -0.0341116883954237, 
0.0110832589360896, 0.0121861162757371, 0.021538503354349, 0.0388186999753022, 
0.0532107278646851, 0.0579538969364608, 0.0572727952439105, 0.0542918270609983, 
0.0490602061352779, 0.0401104651540323, 0.0252893702846002, -0.000612567150532833, 
-0.0401830425379451, -0.324899464269377, -0.311508957894764, 
-0.043890430637291, 0.0893026431580297, 0.30121196244095, 0.355848618430248, 
0.290650446087954, 0.273022639125158, 0.218122140797745, 0.164484507277942, 
0.109871283690807, 0.0528122498393866, -0.00479354220301886, 
-0.0611755988619124, -0.116498637267497, -0.171622154377662, 
-0.225870633936746, -0.276523130414312, -0.31854394098564, -0.0505537479526283, 
-0.056350942987588, -0.0345330270726261, -0.0320689693853522, 
-0.142845528107334, -0.0335109165082523, 0.0129742693417068, 
0.0158685790495107, 0.0246877720826301, 0.0413700343761967, 0.0548227478788161, 
0.061047961798091, 0.0583135313029861, 0.0500443796060191, 0.03856522462727, 
0.0268475987726855, 0.0130211640838237, -0.00758994844845356, 
-0.0401101824575015, -0.335832810424139, -0.327871360859349, 
-0.00179450123596899, 0.0983798230062859, 0.297994835579353, 
0.348021547688006, 0.283860604357862, 0.266215181637513, 0.221738647301956, 
0.167819337239911, 0.11015397581826, 0.0519603036001092, -0.00525068783767677, 
-0.0612696365926212, -0.116143123778616, -0.171598669537144, 
-0.225309709449239, -0.276473539069421, -0.324600217445083, -0.0456572650900565, 
-0.0509531726996584, -0.0317485744694133, -0.0347083981459206, 
-0.112555282276719, -0.0567300965536731, -0.0034959765104639, 
0.00742462936748026, 0.0333570015301274, 0.0524691986406165, 
0.062092482994007, 0.0624052504484322, 0.0568643394494917, 0.0466734215066862, 
0.0332024819431883, 0.0232033205925559, 0.00786824078227285, 
-0.0129025519219634, -0.03680904958699, -0.333516296441234, -0.300335729392348, 
-0.0604332877996713, 0.121112770651768, 0.28907068569699, 0.346397304196763, 
0.303754954385673, 0.276824284943361, 0.220775490854343, 0.165599950057946, 
0.110101103231524, 0.0542513519818602, -0.0014674597830348, -0.0582241622834276, 
-0.115442649979879, -0.171776198155186, -0.227816544789331, -0.284239289762731, 
-0.334636277613388, -0.0316497821489004, -0.0569889263927006, 
-0.0485524991390994, -0.0598133633674184, -0.0963213608502502, 
-0.0199713013290184, 0.0186009730453669, 0.0222034344936433, 
0.0244294899253862, 0.037098013493769, 0.0430772203072449, 0.0432765779376198, 
0.0374417780455314, 0.0298825783228037, 0.0268720055502676, 0.0245264298515665, 
0.0206991285093873, 0.00776168948181735, -0.0225720857370162, 
-0.325564521459994, -0.27714465990424, -0.0573329449756763, 0.111306540336789, 
0.30812782381355, 0.36387854491274, 0.282546468543834, 0.269032325564199, 
0.215415923353151, 0.161434275286433, 0.10557428745106, 0.0493721972724004, 
-0.00670290670980706, -0.0627444017498155, -0.118649161806231, 
-0.174796381186899, -0.231950792944485, -0.287170317328691, -0.324632298468316, 
-0.0430766572363638, -0.0701225641332295, -0.0563841761308272, 
-0.0579134193551755, -0.121351225243009, -0.0399008421939412, 
0.0160696913158908, 0.0193494370896334, 0.0316751913451879, 0.0461577860903892, 
0.0527342365941696, 0.0517476116493098, 0.0486507818840328, 0.0442863360507852, 
0.0407187917822431, 0.0373043203191286, 0.0284917109002244, 0.00656821127659446, 
-0.0350052220050434, -0.333403661578877, -0.322887664773997, 
-0.0277772368952642, 0.0798774655347113, 0.316107030750042, 0.341553171880136, 
0.294668629500472, 0.275945791574714, 0.222268815074113, 0.166147192696183, 
0.109917846734569, 0.0534916408830441, -0.00238073481095931, 
-0.0579196832531417, -0.113236225399606, -0.169173701799348, 
-0.224868272207841, -0.278927870408148, -0.329402533500801, -0.0298501914230013, 
-0.0342719306108, -0.0350585554653215, -0.0349930519623185, -0.116309018388874, 
-0.0324823660694656, 0.01854467130246, 0.024195705318625, 0.0399793666669592, 
0.0378817275670597, 0.0385025885079933, 0.0401348763276117, 0.0379721820605907, 
0.0321400001122414, 0.0228185967184327, 0.0133414409614358, 0.00517827866808536, 
-0.00425735070177237, -0.0234669695899412, -0.32794277750366, 
-0.311705387705643, -0.0445724302467282, 0.139138408245391, 0.306500397040921, 
0.339274908496345, 0.286621953323581, 0.269406056309186, 0.215067642911428, 
0.163049136740503, 0.107862032304433, 0.0509264463682139, -0.00565083654595136, 
-0.0620564865491372, -0.118569346231875, -0.173895498950245, 
-0.228897386252882, -0.282475748465562, -0.32208108328832, -0.0482602497900114, 
-0.0545407208523086, -0.0398563685368358, -0.0493987826397017, 
-0.114353865901948, -0.0367855639381109, 0.00572496362288687, 
0.00845717670676805, 0.0216173067350123, 0.0420677054680405, 
0.0538673144120448, 0.0563531839174033, 0.0524498305137032, 0.0490041106392217, 
0.0429822207986901, 0.0308929791293736, 0.0183419139791883, -0.000431971788630629, 
-0.0381311824747861, -0.340107223696264, -0.331615438397055, 
-0.0179445945192644, 0.141625444148468, 0.303905334426316, 0.350756363466891, 
0.279360500563182, 0.26839592086525, 0.214533654416391, 0.160932228541377, 
0.105808756084207, 0.050449514871016, -0.00474448724992127, -0.0596913678585787, 
-0.114652713698535, -0.170235881187746, -0.226339027122205, -0.280259689922535, 
-0.330177293730994, -0.0215999624222407, -0.0294611266702903, 
-0.030842887547791, -0.0344904272918426, -0.105342435397636, 
-0.0315598298858786, 0.0115525456141331, 0.013408572878313, 0.0251822999022506, 
0.0400456909772712, 0.0450461346911602, 0.0438369646048839, 0.0381275085576208, 
0.029306151482515, 0.0192094743427858, 0.00841581628673124, 0.000296290964477534, 
-0.00495964305750997, -0.0161711380289536), .Dim = c(19L, 2L, 
29L)), ID = 1:29, Binom = structure(c(6L, 13L, 7L, 8L, 9L, 11L, 
2L, 4L, 10L, 5L, 3L, 1L, 16L, 21L, 22L, 25L, 18L, 26L, 12L, 27L, 
17L, 14L, 28L, 29L, 24L, 23L, 15L, 19L, 20L), .Label = c("Amblysomus_corriae", 
"Amblysomus_hottentotus", "Calcochloris_leucorhinus", "Calcochloris_obtusirostris", 
"Carpitalpa_arendsi", "Chlorotalpa_duthieae", "Chrysochloris_asiatica", 
"Chrysochloris_stuhlmanni", "Chrysospalax_trevelyani", "Chrysospalax_villosus", 
"Cryptochloris_wintoni", "Echinops_telfairi", "Eremitalpa_granti", 
"Geogale_aurita", "Hemicentetes_nigriceps", "Hemicentetes_semispinosus", 
"Limnogale_mergulus", "Microgale_brevicaudata", "Microgale_dobsoni", 
"Microgale_dryas", "Microgale_longicaudata", "Microgale_parvula", 
"Micropotamogale_lamottei", "Micropotamogale_ruwenzorii", "Oryzorictes_hova", 
"Oryzorictes_tetradactylus", "Potamogale_velox", "Setifer_setosus", 
"Tenrec_ecaudatus"), class = "factor")), .Names = c("meanshape", 
"ID", "Binom"))
