structure(list(meanshape = structure(c(0.291044205788648, 0.281027504379665, 
0.121246368862499, 0.0478519604420342, -0.0295361590688457, -0.0770248927991291, 
0.00075703388137159, 0.0643239677710167, 0.0509067472992602, 
0.0392269258725373, 0.028202351850229, 0.0235318584827712, 0.0219884340080987, 
0.0216434640379339, 0.0203905542491035, 0.0116850482301612, 0.000133995737745671, 
-0.00856477997757093, -0.0131936638149485, -0.020602521919459, 
-0.0327659396643125, -0.043094439796648, -0.042856851207715, 
-0.0562767483349496, -0.0724272733059245, -0.0822478813933098, 
-0.0892348785659326, -0.099114814834204, -0.110247407960179, 
-0.141641788093371, -0.148728381856962, -0.115862532198152, -0.10420822991884, 
-0.0918542157288002, -0.0836289680563859, -0.077850534511112, 
-0.0741137837916973, -0.077922876741638, -0.0808754139699778, 
-0.0861102662051426, -0.0940014419277535, -0.108828267992115, 
-0.116617819507311, -0.119079954392954, -0.102380219731123, -0.0938230831554256, 
-0.0861960495604239, -0.0627577887525995, -0.0402196631908747, 
-0.0371851791628682, -0.0334770361482251, -0.0219937922597785, 
-0.0204511091051094, 0.00809360679331814, 0.0385363621802424, 
0.0695308848666639, 0.100771552505564, 0.132151857307307, 0.163335962497979, 
0.193968227315815, 0.224501701688315, 0.254425637343329, 0.281999799121696, 
0.305720636088466, -0.0128512360638646, -0.00683188709247819, 
0.00857117152676013, 0.0139246284264706, 0.0613403258746433, 
-0.00407091335367179, -0.0548101263737691, 0.00147504428098624, 
0.00666573364932098, 0.00991523510530119, 0.0220211153831258, 
0.0377199565943925, 0.0513479158568031, 0.0635890998083822, 0.0764444311728017, 
0.0874215066570278, 0.086589116911299, 0.081827641945904, 0.0730002619026952, 
0.0611879941870668, 0.0564583542900876, 0.0541088734199819, 0.0619612174835433, 
0.0652305215611755, 0.0632392722632265, 0.0597529754746096, 0.0604573656028427, 
0.0621736832043073, 0.0649086526313337, 0.066581174168854, 0.0218976025431831, 
0.0283432823708214, 0.0336541453577813, 0.0227320367950413, 0.0136282607454015, 
0.00306974393192088, -0.00842412022263465, -0.0141990472070672, 
-0.0242750564277928, -0.0329473955752225, -0.0438895470456335, 
-0.0438791772313681, -0.0393586357645865, -0.0585183601670818, 
-0.0696024014280131, -0.070582177798974, -0.0792779034882548, 
-0.0908503368060212, -0.0784598052293739, -0.0678311044255216, 
-0.0633470035048809, -0.0629837123751063, -0.0548775244746394, 
-0.0533293256328085, -0.0551320655127424, -0.0580038835070945, 
-0.0594836612905116, -0.0597087216896012, -0.0557303572458602, 
-0.0498333837620312, -0.0436277445034395, -0.0359210593532016, 
-0.0229725838799206, -0.00562808269392497, 0.29169226127725, 
0.273451986957092, 0.137443993882878, 0.0596879701635706, -0.0149145320035418, 
-0.0810535547367572, -0.0154624824017282, 0.0596533965986496, 
0.0542378106385006, 0.045821994601617, 0.0420453409011806, 0.0406019473321461, 
0.0397057067193821, 0.0364587382987909, 0.0263079210568788, 0.0129838063374779, 
0.00371440641292854, 0.00835035846967129, 0.00694590828042764, 
-0.0262218556171697, -0.0352274115746767, -0.0414044328820032, 
-0.044574944856908, -0.0560666383809439, -0.0676942274022971, 
-0.0783480835647878, -0.0898566390556369, -0.0977574631314786, 
-0.111830513749041, -0.14053849118329, -0.148232149439871, -0.124982230371509, 
-0.107250753453549, -0.0985258051612525, -0.0924074042221822, 
-0.0865228607225928, -0.083049058820545, -0.077401048961747, 
-0.0797463785567557, -0.0847546993164657, -0.10238358394616, 
-0.111926399107423, -0.128890952865875, -0.122182466879585, -0.107370753552186, 
-0.097580932992657, -0.0839844485031157, -0.0603979754847435, 
-0.048632680212587, -0.0474773950067728, -0.0385861838061275, 
-0.027489172522735, -0.0240815518116339, 0.0065436152871734, 
0.0375100219390183, 0.0686992986725144, 0.100294350776509, 0.131977196808977, 
0.163706013488816, 0.195194700613663, 0.224933319018952, 0.25212743168343, 
0.273484264806584, 0.291234395234253, 0.00391733848699116, 0.00780790410170092, 
0.0193141044760021, 0.0138616866719097, 0.0518857991016763, -0.0184014563359384, 
-0.052091868412798, 0.00595234113932135, 0.00699026914882217, 
0.0139118130986956, 0.025404614796139, 0.0384774040447144, 0.0523423310977799, 
0.0682344260781176, 0.082060782315127, 0.085545068265404, 0.0883283177178344, 
0.0877919299743998, 0.0586628375524449, 0.0446594394198204, 0.048914834138221, 
0.0496254101911054, 0.0563660447954668, 0.0577813246069869, 0.0582324677421136, 
0.0593475231749989, 0.0612955058109399, 0.0618301976226791, 0.0687149350046673, 
0.0651677792184435, 0.0378535129463227, 0.0210555250511103, 0.0226832217212478, 
0.0178443976952715, 0.0085823988824496, -0.000545664742628509, 
-0.00959734260693568, -0.0147530531553662, -0.0248509862125467, 
-0.0378668735190533, -0.0470759238942992, -0.0377962157987389, 
-0.0350691555476559, -0.059145186417711, -0.0672887009047255, 
-0.0721809664322937, -0.0801250633476466, -0.0809353070200027, 
-0.0643326691548155, -0.0616487222334188, -0.0592126944229555, 
-0.0568903460851525, -0.0527668646113904, -0.05288352285076, 
-0.0570387557970476, -0.0614684373960698, -0.0621466464201961, 
-0.0632032355634752, -0.060988611992561, -0.0562817334526645, 
-0.0475955798977041, -0.0362685530352505, -0.0199525323068408, 
-4.08165202825245e-05, 0.280573080994277, 0.27011624638076, 0.130586853709652, 
0.0578585872991873, -0.00839548322221795, -0.0846693720161155, 
-0.010004051208413, 0.0618708998182916, 0.0544390581464102, 0.0459970872085934, 
0.0385847143739176, 0.0351827158167804, 0.0336150846634719, 0.0338237991288308, 
0.0324260004999462, 0.0161558015501299, 0.00342220141134859, 
-0.000716520341074901, 0.00142382558716755, -0.0145381942650607, 
-0.031393966654649, -0.0392877824688466, -0.0421938926078106, 
-0.0527957117629899, -0.0673170737424595, -0.0772087710508311, 
-0.0860431913349027, -0.0962469708369236, -0.109539722625111, 
-0.136695275141515, -0.155745696770517, -0.117601658721062, -0.105549660709265, 
-0.0929955480573088, -0.0857266572351595, -0.0836114750019857, 
-0.0823341039169892, -0.0849841330217761, -0.0875103650723578, 
-0.0902596025115981, -0.0996137029123544, -0.110382120926716, 
-0.126730824357124, -0.130910235694312, -0.113684146871788, -0.0963131873647062, 
-0.0880642005808316, -0.079164765191178, -0.0485544642497651, 
-0.024168422421284, -0.032174837036986, -0.0187032460823567, 
-0.0187920657549983, 0.00853790604365683, 0.0379952016051513, 
0.0689571370970536, 0.100478117650474, 0.132115725415099, 0.163233021524314, 
0.193804454387223, 0.223641475640928, 0.248459535291408, 0.272551696998461, 
0.284770871498805, 0.00109214556150515, 0.0190770612567642, 0.0236776533418152, 
0.0152808434984939, 0.0567571126094281, -0.00631262627348289, 
-0.0693313166703935, 0.0040615067987342, 0.00525622467493138, 
0.0131588755756838, 0.0250494609100629, 0.0385008409796714, 0.0511204596599237, 
0.0628296767335074, 0.0810624332090935, 0.0931945208225691, 0.0872832714197535, 
0.0843820898135639, 0.0691352014609738, 0.0501767844348563, 0.0469908256900151, 
0.0505153568400507, 0.060949320662405, 0.0651266851182682, 0.0652831194037666, 
0.0655227130372832, 0.0674592765693741, 0.0703833797439606, 0.0726988324277684, 
0.0701217405535477, 0.033765203247946, 0.027042159408213, 0.0339687676351317, 
0.0235439033284981, 0.0134721381516157, 0.00283533290343041, 
-0.00731062705545909, -0.0122502507283329, -0.0217778538276082, 
-0.0304199573432268, -0.0419850629796945, -0.0343827651656646, 
-0.0337313952627919, -0.0573419009422608, -0.0779034157662671, 
-0.0837725980137638, -0.0861666210796635, -0.0924700651246208, 
-0.0979379367376439, -0.0725070419099982, -0.0702209929853407, 
-0.0687070010649156, -0.0700714772097675, -0.0656161417638879, 
-0.0645844639698785, -0.0637307837766034, -0.0623577336833427, 
-0.0603856795308365, -0.0563007400872637, -0.049414229771161, 
-0.0436341323907268, -0.0311366873113667, -0.0153390715034696, 
-0.00367434755317301, 0.284742646803583, 0.279126076087299, 0.131759024044594, 
0.0609613422495847, -0.0110791090097169, -0.0842816816013658, 
-0.0154140354807127, 0.0633048598555472, 0.0542924848338823, 
0.0482695770449633, 0.0424988675799839, 0.0394093541040548, 0.0384087494407765, 
0.0377322122518746, 0.0301305347073425, 0.0131210957542746, 0.00297382852482091, 
-0.000629206404457461, -0.00242657430155094, -0.0138549002365071, 
-0.0279727481268608, -0.0380698709108449, -0.0450554744175903, 
-0.0565842256875099, -0.068194200494244, -0.0785639650174415, 
-0.0892339743969076, -0.101098650531532, -0.109849375465473, 
-0.12767670875222, -0.155358934446466, -0.125823098434392, -0.106653792800946, 
-0.100285700812687, -0.0937546258108309, -0.089432731381526, 
-0.0862922498029476, -0.082321014335533, -0.083868953253693, 
-0.0839321181315294, -0.0979106090596616, -0.113225245252525, 
-0.129470656970602, -0.129544747951104, -0.109380251559561, -0.0955509283042013, 
-0.0868456368271942, -0.0695142241390293, -0.0404530498075825, 
-0.0325141208738595, -0.0380662340176281, -0.0248863292332048, 
-0.0223023449529573, 0.00572928880416801, 0.0364180304206464, 
0.0676171078767332, 0.0990520523623641, 0.130186072781862, 0.161004470696922, 
0.192055953198161, 0.222671185406398, 0.25093420877083, 0.276839347493764, 
0.298133927900167, -0.0125875482699194, 0.0044557387656384, 0.017263786722219, 
0.0210118961918749, 0.056452039241021, -0.0148247488315465, -0.053941065151615, 
0.00715902014600696, 0.0131964196776347, 0.0177032266208896, 
0.0271974485568007, 0.0388095683963438, 0.0507187440960926, 0.0654192663221926, 
0.0841171655026353, 0.0896613808415543, 0.0862749204885909, 0.08268949279187, 
0.0695816170110648, 0.0532429658672458, 0.0437847516602991, 0.0459712555447118, 
0.0570771801300275, 0.0582962940741187, 0.0569493946298984, 0.0572618608034252, 
0.0588592498204416, 0.0603030980192048, 0.060079928918732, 0.0668156123721102, 
0.0413920632486617, 0.0165953985123556, 0.0211148689202641, 0.0159741512378202, 
0.00760825191113437, -0.000648498497181829, -0.0108091486808864, 
-0.0135834548270607, -0.0226877604681617, -0.0342435378727419, 
-0.0478062094928515, -0.0398399665811695, -0.0324800094405413, 
-0.0598673592833307, -0.0753583951801829, -0.0798226838834184, 
-0.0822444156081325, -0.0902261158519868, -0.0839853713094258, 
-0.058082184497059, -0.0601978360539639, -0.0589528906075466, 
-0.0547413612563769, -0.0489615737606112, -0.0484516768063242, 
-0.0492918413717497, -0.0500875973023856, -0.0513755806556146, 
-0.0502961762085164, -0.0483278303150167, -0.0457921872067227, 
-0.0378631649300418, -0.025601048278183, -0.0100588185626159, 
0.282448087840731, 0.275195176060658, 0.136448364554035, 0.0658980691661909, 
-0.0487654650836617, -0.0625257249893699, -0.00856082687422424, 
0.0614595059976861, 0.0538956381336581, 0.0466631193355843, 0.0408547810979871, 
0.0368177183385072, 0.0362730158043111, 0.0347383994545405, 0.0273609852232778, 
0.0118376037747311, -0.00288973225596933, -0.0159092369251403, 
-0.0231662972425844, -0.0314572294794702, -0.0394305025569002, 
-0.0482152337963561, -0.0484280302187591, -0.0579473119421496, 
-0.0704100824596895, -0.0821486124154499, -0.0895298049138019, 
-0.096320329768346, -0.125458162478599, -0.142517876917974, -0.129521962712987, 
-0.117692595365476, -0.107210503837463, -0.096686667098631, -0.0866338768717956, 
-0.076296794817105, -0.0674700336242494, -0.0647054235969182, 
-0.072098436412034, -0.0840066515770958, -0.0986564578472044, 
-0.112873980332523, -0.114854509636197, -0.117736491576103, -0.109660765700068, 
-0.0972079232927901, -0.0859496620471469, -0.0622734620087343, 
-0.0429222677211537, -0.0372083610580206, -0.032692222243045, 
-0.0238590198229395, -0.0217605220257195, 0.00632171034721048, 
0.0363850202295059, 0.067376920922054, 0.0984959975536578, 0.129273570370276, 
0.159954167056158, 0.191894608310355, 0.225134914010618, 0.252579910732943, 
0.277035346329674, 0.299316420899494, -0.0162598791278734, -0.00878603318115842, 
0.01175061125497, 0.0162159862255645, 0.0572441290363892, -0.0121797303810089, 
-0.0547958463623415, 0.00984828540281448, 0.0140621630432417, 
0.0196664279022306, 0.0293232120750248, 0.0393526477483406, 0.0519853752169035, 
0.0684235582419488, 0.0850817374288972, 0.0943742100961976, 0.0943652971567825, 
0.0878649352163535, 0.0772414536996542, 0.0709669783851989, 0.0631249962949073, 
0.0558597290726783, 0.0553219916923167, 0.0555620548207522, 0.0557164600080789, 
0.0543268927714198, 0.0536776636526201, 0.0638115646934364, 0.07267881409557, 
0.0472740354339028, 0.0309804133877954, 0.0266790151458995, 0.0227552747353727, 
0.0186949990368722, 0.0141940796458291, 0.00878579812263164, 
-0.00140253843593649, -0.0208226451566501, -0.033137390268658, 
-0.0417452213873624, -0.0453871084545382, -0.0435059120204307, 
-0.0418546527042928, -0.0506329207011396, -0.0657053673189264, 
-0.0746197211140285, -0.0819260681167451, -0.09027090210128, 
-0.0751635268756523, -0.0675636367698017, -0.0650004166225165, 
-0.0606370994993781, -0.0563257431569289, -0.0524111929584571, 
-0.0524388485696373, -0.05432637943798, -0.0563749657574591, 
-0.0592959121841985, -0.0605222982609608, -0.0620812868957762, 
-0.0545564683609297, -0.0395146711549769, -0.0220442274177671, 
-0.00592217998580423, 0.29576896603562, 0.280336394428995, 0.12681053732404, 
0.0487466664609214, -0.013092645412627, -0.0856854300087663, 
-0.0163552357397327, 0.0703131714409957, 0.052112158288613, 0.0401518555146647, 
0.0317110579664895, 0.0302409063638025, 0.0301233491296576, 0.0310938784086148, 
0.0268540569719861, 0.013022382412464, 0.00143412923451359, -0.00281232806658321, 
0.00655833810675332, -0.0122050827615203, -0.0331923856924213, 
-0.0391813162385679, -0.0446950795041862, -0.0559309253547275, 
-0.0667253443894369, -0.076490655776304, -0.0868192532822661, 
-0.0980784812699907, -0.109425273482285, -0.13521294546411, -0.149292326440571, 
-0.121760113872757, -0.104436062031713, -0.0958041976999311, 
-0.0894110495011814, -0.0852005523208975, -0.0821122218617181, 
-0.0856202044929201, -0.0872015968423654, -0.0884948021138259, 
-0.0979176224388676, -0.113401952539882, -0.121416991917468, 
-0.121858669105324, -0.111930307139032, -0.0967814010220716, 
-0.082723629931032, -0.0603349033827243, -0.0427747771297165, 
-0.0416229178291097, -0.0375101044413311, -0.0245864078453934, 
-0.0220996602679986, 0.00712496247205592, 0.0379176785745795, 
0.069075241841998, 0.1005698816554, 0.131988086342719, 0.163210771613054, 
0.194446834468592, 0.225078357542401, 0.252070447232945, 0.276982823012815, 
0.296451921766665, 0.000595994343954122, 0.00950442447750423, 
0.0215480534006384, 0.0182310206201493, 0.052539765031562, -0.00790334468999973, 
-0.0565372201407363, 0.00243500698425034, 0.00772362950745563, 
0.00889615920646025, 0.0233935991673379, 0.0383530293729739, 
0.0510844465673705, 0.0639033449755567, 0.0801275194182106, 0.0864128624006819, 
0.0852410777875232, 0.0851786674702159, 0.070759545770602, 0.046254821548863, 
0.0431511427286069, 0.0476653928282601, 0.0546288633672886, 0.055601214061358, 
0.0559997197014414, 0.0579079232953184, 0.061493629591994, 0.0644439920989314, 
0.0661963999597551, 0.0684302795241139, 0.0332439652779096, 0.0254207641268204, 
0.0276870636148972, 0.0198971741397384, 0.0109967025841722, 0.000150507312956374, 
-0.00779665585883597, -0.0128267368475987, -0.0216584254361351, 
-0.0310693587642862, -0.0431544962242215, -0.0343536590820361, 
-0.0394304691528941, -0.054118382353047, -0.0703590929568756, 
-0.0785887792474391, -0.0825762239083625, -0.0882331440054985, 
-0.0685191244659303, -0.0595735084617124, -0.0644022499737525, 
-0.060433150106631, -0.0561736817468895, -0.0534717251618134, 
-0.0556896553412954, -0.0589065342769317, -0.0593440531146819, 
-0.0612497699807397, -0.0579184388547447, -0.0527443812511668, 
-0.0479712399634104, -0.0355202196555373, -0.0214220797191453, 
-0.00315190152252309, 0.268205238908878, 0.260551542766485, 0.129075079446731, 
0.0713858450815702, -0.0529421593540768, -0.0709463944438959, 
0.0103480386189399, 0.0623008549779491, 0.0581125119352526, 0.0504661129716735, 
0.0435294962780753, 0.0388508331303407, 0.0352056799290451, 0.0317679109447836, 
0.0231710111335929, 0.00956561988531446, -0.00085913448972624, 
-0.0116591722458017, -0.0222614108637417, -0.0303622158419726, 
-0.0343147018950915, -0.0445660171219048, -0.0461394697291158, 
-0.0601185066978449, -0.0735963788376205, -0.0842443809211185, 
-0.0927240891889908, -0.10557748597365, -0.131953134537502, -0.147051283313698, 
-0.124061963771909, -0.116291803159329, -0.101491348411225, -0.0885412132413693, 
-0.0800184899680697, -0.0751458877053601, -0.0720894251936615, 
-0.0727790074579282, -0.0763970636949641, -0.0860769219907579, 
-0.0993566718915347, -0.108498281390867, -0.122312775502524, 
-0.121130360714521, -0.1024783592605, -0.0947572542147234, -0.0902474636944069, 
-0.0690931347756778, -0.0307500728504906, -0.0287373571506798, 
-0.0365957418782318, -0.0296611560995272, -0.0205831268136123, 
0.00783174835811079, 0.0379347841551499, 0.0689366524128245, 
0.0999180576403455, 0.130851845431627, 0.161895959640153, 0.192882432721573, 
0.224932973105774, 0.255434021330993, 0.279845391943218, 0.303411173539221, 
-0.0241111684116773, -0.0159871204052896, 0.0159252416692983, 
0.0157002726942409, 0.0703927591541479, -0.0143755265620823, 
-0.0598700800965112, 0.0103962681935837, 0.0156505531847963, 
0.0213392329462334, 0.0294892005537076, 0.0398550495879015, 0.0512809530287409, 
0.0652842556232108, 0.0803978268533996, 0.0824544320163428, 0.0804078978716871, 
0.0762940320194184, 0.0732791326107999, 0.072398070663876, 0.0719811536141233, 
0.0719352170138603, 0.0710491981376519, 0.070876215078694, 0.0696187121006405, 
0.0675000602130833, 0.0662424068428298, 0.0685092302377443, 0.0645978804348823, 
0.0375204165807226, 0.0311268414359802, 0.0349718919985218, 0.0313402831453825, 
0.0227511611937502, 0.0115153147277111, 0.00019675429026554, 
-0.0108528051210312, -0.0194963014209835, -0.0308851294864737, 
-0.0398489617264083, -0.0447714843550358, -0.0375651794786756, 
-0.0430957553568306, -0.066418911165849, -0.0762628687265394, 
-0.0741289506176151, -0.0811935484264796, -0.104233547666515, 
-0.0912229173267712, -0.0618384090892762, -0.0531824044519664, 
-0.0689030397317394, -0.0616011557914584, -0.0582460285860313, 
-0.0573617506184683, -0.0566085593775764, -0.0570002899676668, 
-0.0570995694089685, -0.0560022055826434, -0.0547621051402613, 
-0.0512417533000038, -0.040885821968493, -0.0241989203870132, 
0.000974354035106032, 0.283440715041091, 0.274577090189288, 0.145732973390758, 
0.0605388403389773, -0.0376005429725622, -0.0688724234641277, 
-0.00559595887971624, 0.0591197873756909, 0.0500487897580022, 
0.0417656366544823, 0.0341076166538594, 0.032451463210989, 0.0337188993587763, 
0.0334112989616316, 0.0250020764457224, 0.0159278578509828, 0.00453467030801956, 
-0.00504157173800597, -0.0130458633381366, -0.027625205839675, 
-0.0341820422239512, -0.0450719392864818, -0.0449708372450857, 
-0.0545010715331992, -0.0661680912723736, -0.0792389913495952, 
-0.0865548180877941, -0.0988304159824982, -0.133904860353431, 
-0.146934130984286, -0.132439445333742, -0.117055294476373, -0.102754593626305, 
-0.0906445593393159, -0.0811361497378716, -0.0730703525575657, 
-0.069495003435699, -0.0688947131375374, -0.0731106789314731, 
-0.083380323751308, -0.0983214614799895, -0.11237117911744, -0.121926040960878, 
-0.12601380427237, -0.114677925782496, -0.0987842752868372, -0.0843021191983521, 
-0.0615195259766978, -0.0432822635363171, -0.0443061767197044, 
-0.0394825750439327, -0.0246568387887724, -0.0228068625570988, 
0.00603066600925047, 0.0362651064064311, 0.0673953565689599, 
0.0995688554740297, 0.131556492151774, 0.163061052422086, 0.193808191653955, 
0.22367899463764, 0.251176859862226, 0.273394902172876, 0.292256734701498, 
-0.00444333269878567, -0.000647458116883535, 0.0198193300417098, 
0.0136587332913396, 0.0610943652394663, -0.0137121812234336, 
-0.0590302550937537, 0.0130529719966505, 0.0107670856539357, 
0.0128056418268232, 0.0248851928248033, 0.038548544404417, 0.0513973118603721, 
0.0675175006605338, 0.0807944752130588, 0.0872864406746492, 0.079082012892033, 
0.073452549035896, 0.0631743287029586, 0.0594236055807205, 0.0594751129420116, 
0.0588842596315371, 0.059637173843245, 0.061758263304015, 0.0644734406482904, 
0.0663853476540282, 0.0661094863342117, 0.0733615708200099, 0.0783713706317003, 
0.0441682630001019, 0.0356389390460066, 0.0396412340758424, 0.0363210276736423, 
0.027044420112634, 0.0178903500966733, 0.00621328688602317, -0.00702998965263517, 
-0.0174079912645551, -0.0306030903852074, -0.0419300590651588, 
-0.0490401021395454, -0.0471538964461182, -0.0433866694993321, 
-0.0529883383671739, -0.0706552989031267, -0.0804745090441269, 
-0.0855510785956491, -0.090056474620954, -0.0710025894854843, 
-0.0674535249963281, -0.0657814228299614, -0.0653356577045744, 
-0.059110290501211, -0.0574035276030811, -0.0607848265111291, 
-0.0664687723192022, -0.0678959893132087, -0.0657576032313067, 
-0.0607210809366786, -0.0539980096274863, -0.0450892239282749, 
-0.0339326126784359, -0.0173061411265785, 1.83613100404371e-05, 
0.29781162633512, 0.286625352467187, 0.121982318224203, 0.046396119910178, 
-0.0452738558603301, -0.0617227995461815, -0.00837353687494109, 
0.0597520587434714, 0.0486934474573203, 0.0373518219480267, 0.0310523025637965, 
0.02673421284252, 0.026335645130571, 0.0361382574110545, 0.0291852824137948, 
0.0103115425318258, -0.00398295969212754, -0.010579869123169, 
-0.0213959620592261, -0.0303806255072715, -0.0394891028197977, 
-0.0465478278627416, -0.0481720470258918, -0.0589012207202372, 
-0.0694119385428798, -0.0807898907383163, -0.0910966636333817, 
-0.0988286424280496, -0.121743882571048, -0.142758681346657, 
-0.124532364491085, -0.11686308928644, -0.107469610515905, -0.0971493176171097, 
-0.0870988559334312, -0.0734211852781637, -0.0646897029235593, 
-0.063593184474463, -0.0722516927675937, -0.0879962088462082, 
-0.103068959489891, -0.109150108801153, -0.121784551314905, -0.10721055661321, 
-0.0975707872361701, -0.086488969453262, -0.0808743069916263, 
-0.070553616884824, -0.0570030349660169, -0.0387808591433252, 
-0.0290102463454995, -0.0277418298245706, -0.0221793444662976, 
0.00688038848591954, 0.0371371362919084, 0.0680713411275302, 
0.0993696238158976, 0.130882423649225, 0.162349597358142, 0.193911030354811, 
0.224722026015436, 0.255173043321594, 0.282629750738734, 0.306435540878693, 
-0.00942671122745858, -0.00621819482810397, 0.00992051810967712, 
0.0139590630444997, 0.0523176047880574, -0.0189563716148788, 
-0.0575923608157096, 0.00354820309798769, 0.00439547205432754, 
0.0133414884118124, 0.0265201967843322, 0.0399941884110805, 0.0536400795045639, 
0.0642616299934144, 0.0873302194488994, 0.0950418096542297, 0.092118414019939, 
0.0827124865246943, 0.0766093301083814, 0.07113217625489, 0.0626156513452843, 
0.0514242896917876, 0.0522705058350445, 0.05037329664854, 0.050475190305209, 
0.0524117135407741, 0.0518736662936633, 0.0586671792351146, 0.0716567581721652, 
0.0440496143282615, 0.0344340972173293, 0.0295484869557884, 0.0240550156823811, 
0.0197484621888957, 0.0163608777406098, 0.0118819699030437, -0.00308963221544198, 
-0.022842029413936, -0.0351060064230774, -0.0434885769216242, 
-0.0402165461301807, -0.0323886349154433, -0.0430653545360649, 
-0.0510941029147839, -0.0554960182118747, -0.0573932500203308, 
-0.0658314652165851, -0.071207034619627, -0.0767925688402155, 
-0.0706250892614942, -0.0608206283236452, -0.0595408801993962, 
-0.0571667706871449, -0.0561372682689849, -0.057405165522115, 
-0.0601174455430014, -0.0615112664905635, -0.0618069764518702, 
-0.0593158205241479, -0.0558484439973094, -0.0483194303197238, 
-0.0396456866833673, -0.0246601456244996, -0.00556377853207917, 
0.276155752332277, 0.269434393839259, 0.12073174221516, 0.0497340549670949, 
-0.0305908341454225, -0.0745613154678664, 0.00893982812179043, 
0.0713471927881831, 0.0508467624427891, 0.0445130475734668, 0.0309390777132896, 
0.0198134966553869, 0.0145452763880071, 0.0134751013011637, 0.0144166423173356, 
0.0122452756205409, 0.00028910263757919, -0.0130512341517276, 
-0.0230382647981756, -0.0255011482292922, -0.03305050000489, 
-0.0484490996801248, -0.0401010629221273, -0.0508669310665072, 
-0.0691319653998214, -0.0851555115409947, -0.0956157211004856, 
-0.0926109895978509, -0.116915605573196, -0.163113481743794, 
-0.126992046590527, -0.119069497712825, -0.0993450783102216, 
-0.0845832459434245, -0.0779710828696615, -0.0749374345990019, 
-0.0736874268359674, -0.0754398606720636, -0.0786060044847105, 
-0.0848500166585898, -0.0969876941006433, -0.106582608850331, 
-0.116864919754201, -0.118865861511648, -0.108011962866328, -0.0960719750133152, 
-0.0910676927254495, -0.0655200594830798, -0.0164677249470413, 
-0.0368471740427664, -0.0468689037899913, -0.0165234468968608, 
-0.0161270074783825, 0.00846417600587846, 0.0402486198939498, 
0.0712225250973292, 0.102446912104648, 0.133633788566151, 0.164768325262106, 
0.195901041955841, 0.227287231802904, 0.257971821089566, 0.284434021106309, 
0.306237181761302, -0.0159895906279846, -0.00885591976473793, 
0.0294863671616519, 0.0159617799187646, 0.0675644519986353, -0.011113283676957, 
-0.0606499088254782, 0.0119795970217067, 0.015137484702549, 0.0115502759965804, 
0.0151901173044353, 0.0304209730974611, 0.0471295046341956, 0.0622046235619072, 
0.0734535849812461, 0.0836793762390307, 0.0892915263084689, 0.0859584556430813, 
0.0770255193416115, 0.0651303984592232, 0.0567023132530285, 0.046825270777002, 
0.0694366542083588, 0.0712287672305383, 0.074345276187845, 0.0695956642906381, 
0.0678931993720434, 0.0667203422545098, 0.0770969489909406, 0.0514862996202015, 
0.0203639893644487, 0.0342571830653432, 0.0377906503472534, 0.0228480647015613, 
0.0114110799831723, -0.000133165324802572, -0.0113735836110766, 
-0.017089710716483, -0.027251000036216, -0.037409366075299, -0.0403069101843265, 
-0.0375321620470636, -0.0425775163705524, -0.0592864418196994, 
-0.0750811831043351, -0.0798312112120664, -0.0862716610101736, 
-0.110986643714742, -0.0723061639902541, -0.0496778665520896, 
-0.061658715173547, -0.0700870337267892, -0.0503441413260029, 
-0.0587840539959979, -0.0595482375125785, -0.0603674311093765, 
-0.0604096012108428, -0.0581902915159339, -0.0558758833497642, 
-0.0541323384489064, -0.0498612694163737, -0.0410310425495463, 
-0.0248685940359119, -0.0102838179815245, 0.288624786773435, 
0.276501670852528, 0.134177177805306, 0.0589580987506559, -0.0273991837844581, 
-0.0770107586589223, -0.00719484325526005, 0.0629680672745135, 
0.0528470281579149, 0.0443224831509625, 0.0421494213818283, 0.0407304296048751, 
0.0385344697970385, 0.0325636885585094, 0.0223513744036334, 0.0189765587391009, 
0.00955255850613262, -0.00782598129985336, -0.0138217179020127, 
-0.0247001075025528, -0.03314104759616, -0.0440691301716144, 
-0.0458158610351292, -0.0564643129411615, -0.0681234359540806, 
-0.0810629767676604, -0.091933592123369, -0.0989459697535793, 
-0.113771336656336, -0.146754225637929, -0.144376464804505, -0.118520697125287, 
-0.107325422263049, -0.0958563162120262, -0.0860695200655373, 
-0.0791595168178343, -0.0771541486956258, -0.0774510071387357, 
-0.0805338028868461, -0.0866954927308373, -0.0962538277444961, 
-0.113373497986426, -0.117383512420622, -0.13198550402404, -0.118954282189533, 
-0.0893512511892015, -0.0704873090289139, -0.0608617811563291, 
-0.0520964099597415, -0.043502304904553, -0.035728177717537, 
-0.027741118179071, -0.0236570562491328, 0.00596564903310904, 
0.037002084635818, 0.068199472440126, 0.0995054632197804, 0.130957057086858, 
0.162156881655365, 0.193472562582897, 0.223786300629922, 0.251985268349904, 
0.276982152177693, 0.299282196962053, -0.00769031696627222, -8.48617852968539e-05, 
0.0107022769063877, 0.0135089443060131, 0.0573398405160774, -0.00888722520410574, 
-0.0538590485812729, 0.00236162175864886, 0.00761236431015554, 
0.0152986525006609, 0.0268938795045905, 0.03965610679483, 0.0538808558168414, 
0.0702579438060287, 0.0775266104477962, 0.0835227706163028, 0.0747814206812012, 
0.06777508891666, 0.0610286052867323, 0.0577679138404684, 0.0557946579128062, 
0.0525510092617299, 0.0597335754522226, 0.0603615966617734, 0.0623054448497843, 
0.0626623296656131, 0.0623317629430871, 0.0631366419121349, 0.0715107674263343, 
0.0631152647745851, 0.0300722544877085, 0.0265001837938417, 0.0275692081746291, 
0.0234104589646118, 0.0151660495874615, 0.00430385527637946, 
-0.00742798683622777, -0.0142871667486135, -0.0251202732371257, 
-0.0345469687767643, -0.04385197577131, -0.0485594089768961, 
-0.0354134303726172, -0.0523150014584324, -0.0791425652545306, 
-0.0877456440580985, -0.0817903368954754, -0.0758451483356912, 
-0.0708284730718734, -0.0657687973353275, -0.0610116168395469, 
-0.0583396627246912, -0.0542470601418305, -0.0523497229224936, 
-0.0541208718494131, -0.057912941566607, -0.0596058052748813, 
-0.0593818512124029, -0.0560956669270573, -0.0522442717794343, 
-0.0449452557135557, -0.0345710904782146, -0.0192971593305349, 
-0.00315235072750304, 0.268510526125761, 0.261335735435348, 0.117108356193119, 
0.0671944375159983, -0.0628454531929681, -0.0719294021690056, 
0.0129206619903121, 0.0664262501487655, 0.0586370530100984, 0.0528781662828952, 
0.0467996651849919, 0.0403636004165143, 0.034739464010731, 0.0332640503190995, 
0.0220793030385119, 0.00801844763003608, -0.00108316885959199, 
-0.0130784916986759, -0.0233883622128476, -0.0301204735172621, 
-0.0367228999743082, -0.0503606942743606, -0.0492378448898188, 
-0.0568824347010094, -0.0733622352818132, -0.0836953877892474, 
-0.086624187291316, -0.102073151946509, -0.139102787594336, -0.131619349381654, 
-0.12423735511878, -0.110684310196529, -0.10333811532104, -0.0935182509926658, 
-0.0786751464751758, -0.0711753457277805, -0.0685297352611747, 
-0.0740091641743658, -0.0789736555999996, -0.0876863437047956, 
-0.0974270832147783, -0.108800349109923, -0.117821144064607, 
-0.127549172596635, -0.115373636381171, -0.0936104433972855, 
-0.0942338575633774, -0.0721748217651773, -0.0163224642394779, 
-0.0368191811383472, -0.036801890263911, -0.0120428844088774, 
-0.0251970841649066, 0.00741011122753583, 0.0376164973011783, 
0.0686099855207628, 0.0995336508436058, 0.130735571372195, 0.161795460439482, 
0.19409553310207, 0.226861911100944, 0.256322624153321, 0.279515407143977, 
0.304355290148252, -0.0234876451448432, -0.0131631182725515, 
0.0160608570785852, 0.0181538892970465, 0.0664253383461741, 0.00125438500774781, 
-0.0571687780832978, 0.0170952317023101, 0.020136883580044, 0.024127445828725, 
0.032935303026059, 0.0437987336815817, 0.0529355407411922, 0.0675131345719432, 
0.0822669245332273, 0.0853322460987486, 0.0814147783396692, 0.0764626750904105, 
0.0754258940205605, 0.0746854622005376, 0.0740313136177065, 0.0725395948702013, 
0.0442617206379711, 0.063438140377725, 0.0623996525572912, 0.0614782938708413, 
0.0603027898466965, 0.0693870542381993, 0.0657530663514832, 0.0348439202232995, 
0.0410312534083311, 0.0360964127940506, 0.0279412097386633, 0.0261588017141124, 
0.0182429242948865, 0.00304361371565733, -0.0130885890993114, 
-0.0179421079926078, -0.0291375946604649, -0.0363502395975299, 
-0.045293518815571, -0.0417897927579976, -0.0403704472128739, 
-0.0577499684192363, -0.0804796221558251, -0.0891755228650879, 
-0.0876073353625063, -0.11344056044132, -0.0788940275429052, 
-0.0602473304576582, -0.0493390002441328, -0.0726834721162014, 
-0.0588389471449171, -0.0561666949503238, -0.055469184832232, 
-0.0577067518040638, -0.0611367202409726, -0.062190695358147, 
-0.0622292281146354, -0.0620559117474861, -0.0543499412357511, 
-0.0408004777006933, -0.0216409594234292, 0.00301969839289586, 
0.329334365167204, 0.322833607130418, 0.153220085677409, 0.0968365185214682, 
-0.0578896911712938, -0.0767303038529377, -0.0459589933104324, 
0.063133982203104, 0.047846836973784, 0.0409265935828539, 0.0342226077286486, 
0.0266032043015481, 0.0191039422693555, 0.00942333652171228, 
-0.000135061611768935, -0.00762426931336931, -0.0134446557210852, 
-0.0191517978307431, -0.0198269395649136, -0.0323912667194011, 
-0.0447597425594746, -0.0494036357085776, -0.0441243685706231, 
-0.0554499664721926, -0.0672818498910178, -0.0785879150165951, 
-0.0875273286558543, -0.101477413919352, -0.107210986247378, 
-0.119797915885035, -0.120401560708344, -0.113429362900267, -0.103126035162271, 
-0.0919161933484615, -0.0825965517595439, -0.0771539987736742, 
-0.0750215051646381, -0.0793602725393105, -0.0865506831877248, 
-0.0931554257603047, -0.103857456457671, -0.112486534902651, 
-0.113599081497177, -0.106991655294469, -0.0964314578382017, 
-0.0861698968163186, -0.0779123046805792, -0.0712307769015837, 
-0.0629377396189356, -0.0504729355575881, -0.0382894698967456, 
-0.0288876178130362, -0.0228520386915235, 0.00804866493148547, 
0.0380515622536783, 0.0698924817827931, 0.101038234308363, 0.131591994933421, 
0.162015521519466, 0.192756855450409, 0.223618680372405, 0.254794402625775, 
0.28509409779384, 0.313217081243922, -0.0107302761787596, -0.00818969535354432, 
-0.00655964621214456, -0.00741415330297079, 0.0414679277319677, 
-0.00691930330616347, -0.0415812505902694, -0.0100296830733111, 
-0.00170454299667445, 0.0106933861949976, 0.0210593730544715, 
0.0292610832723417, 0.0363211750839662, 0.0446174961850623, 0.0554672932324519, 
0.064805976738341, 0.0704041921902475, 0.0757090722774048, 0.077087239819576, 
0.0785048797033378, 0.0635295176948819, 0.0512114152619443, 0.0445707184514406, 
0.0397950944048327, 0.0387067989796063, 0.040422360470132, 0.040408042920147, 
0.0452616588970022, 0.0506499045845385, 0.0457790659005796, 0.0363181555999832, 
0.0311636269343167, 0.0275073154276551, 0.021937660979756, 0.0129080872503306, 
0.00139324742635176, -0.00786721079380617, -0.0121433528983056, 
-0.0193403891542518, -0.0245124706555612, -0.0286226598696175, 
-0.0357882966686466, -0.0443266467003826, -0.0524366157388544, 
-0.0550705869912844, -0.0556858621666566, -0.0549659621193116, 
-0.0529980946914762, -0.0467417200158242, -0.0419409317719699, 
-0.0420046927785264, -0.0421699116568658, -0.049310988847006, 
-0.0513825100038964, -0.0461077042893783, -0.0461153032273475, 
-0.0463280521945374, -0.0454256513896081, -0.0428667660556385, 
-0.0398409498922145, -0.036211193194866, -0.0328454899704829, 
-0.0304286144777637, -0.0203545874397464, 0.33055527543689, 0.323650293812902, 
0.150682887541161, 0.0568232440837655, -0.0523619974171432, -0.0747703837153238, 
-0.0411307634973411, 0.0598513932299711, 0.045101885427854, 0.0362859247708469, 
0.0321141857366786, 0.0284234120827885, 0.0229132170659418, 0.016869635418122, 
0.0114929678156175, 0.00738754246209962, -0.00173294632271125, 
-0.0163146456533355, -0.0271216727738132, -0.0332845662746737, 
-0.0371396465626137, -0.0412851590145367, -0.0402848795226109, 
-0.0535833587821435, -0.0699488875017472, -0.0845980207202682, 
-0.0972156882733051, -0.105049309956359, -0.113712075909233, 
-0.116251579915786, -0.121133923324099, -0.115870576098245, -0.107781276627295, 
-0.0978530131155608, -0.0888453643426656, -0.0802594818693634, 
-0.0736145527611278, -0.0758967460696001, -0.0819982241221255, 
-0.0896306455963355, -0.10069922157557, -0.111631106293942, -0.110613614857417, 
-0.103380958879872, -0.093791463569282, -0.0831176100229861, 
-0.0762308849884171, -0.0753013928292022, -0.0678832396202033, 
-0.0552709669383969, -0.0375654579348196, -0.0265329912349826, 
-0.0202812489513158, 0.0100458380758562, 0.0389160138365951, 
0.069017616699786, 0.099903218611289, 0.130805027777701, 0.161618404378101, 
0.192332509085585, 0.223055836475885, 0.253411249519411, 0.285076138731285, 
0.314635825359639, -0.00674775685107121, -0.0032951895930034, 
-0.00548206165460681, -0.00316566393812105, 0.0301906321398263, 
-0.00850224723721695, -0.0326062618939802, -0.00531290349676605, 
-0.000371958524418063, 0.0124700738644892, 0.0257217125447415, 
0.0377963698092122, 0.0489893249874066, 0.0604461622598805, 0.0722263131548785, 
0.0827723909491268, 0.0907666736121136, 0.0889193003678262, 0.0793802079347178, 
0.0680376818413562, 0.0567700173624342, 0.0459567066786482, 0.0376526457255055, 
0.0283833430083029, 0.0263784921872559, 0.0289124476610237, 0.0340929855192251, 
0.0404844112073288, 0.0426962444516539, 0.0379005073548922, 0.0336921819825539, 
0.0266135152928125, 0.0193483980105384, 0.0137375557120921, 0.00733508245088298, 
0.000369221792420366, -0.00849687758799827, -0.0163418983284912, 
-0.024961176883234, -0.0293438648946279, -0.0303871011709813, 
-0.0351069882655905, -0.0434406483196723, -0.0452242625911244, 
-0.046917569338708, -0.0503242964401808, -0.0506874464138804, 
-0.0479507660524239, -0.0415725357908057, -0.0351168791575572, 
-0.0338492466094545, -0.0387919124926624, -0.035162569013615, 
-0.04165957050263, -0.0515816165860519, -0.0566232007562162, 
-0.057756244460125, -0.0547870579400959, -0.0513212344261568, 
-0.0474753577020876, -0.043692192616436, -0.0393603941383602, 
-0.0350199037911546, -0.0196037444036399, 0.33066361745086, 0.322640125659553, 
0.144920856800082, 0.0551789393937045, -0.0518671056742257, -0.0717131064935266, 
-0.0363015337353027, 0.0626805134470864, 0.0453696683921819, 
0.0344816382474268, 0.0295102254953105, 0.0251843457323406, 0.020499587290822, 
0.0153076578258783, 0.0111239849083322, 0.00652506968180569, 
0.000173616272242306, -0.0183224742521821, -0.0307799637869999, 
-0.0368457998876144, -0.0402696968174844, -0.0433106259127937, 
-0.0406301428238904, -0.0534582060977883, -0.0691934342276863, 
-0.0842283567952508, -0.0977005953861659, -0.105972602180013, 
-0.114042623237241, -0.111108465546531, -0.120086278517221, -0.114260285783979, 
-0.108064035639368, -0.0977122923117676, -0.0876457286732241, 
-0.0787145556088938, -0.0723608646541868, -0.0747162290347315, 
-0.0819271621748886, -0.0897763085442461, -0.102904360996954, 
-0.110564384413956, -0.109542921741773, -0.101545959243374, -0.0933803902588911, 
-0.0856893990118617, -0.0788041875428589, -0.0741243294953075, 
-0.0649017711332972, -0.0535137733554896, -0.0414573916163086, 
-0.0294445767937462, -0.0192821442931195, 0.0109718676659109, 
0.039997581272027, 0.069870589091513, 0.100792570323023, 0.131816513124553, 
0.162773855744621, 0.193639803188464, 0.224463567332458, 0.254768256467724, 
0.286550601630258, 0.316259011255962, -0.00677077941423817, -0.00336606390039882, 
-0.00440886677996969, -0.00216534229701234, 0.0306129179127373, 
-0.0131693446822752, -0.0323912777192414, -0.00519172137445846, 
-0.00262599476646604, 0.0107241084981198, 0.0242303622895313, 
0.0362617211554331, 0.0479364222419211, 0.059907977907734, 0.0728410855953659, 
0.0831628019956696, 0.0918646328712348, 0.094010128706536, 0.0802065887299215, 
0.067976464048642, 0.0563198190835586, 0.0457761163123747, 0.0370585321196378, 
0.0284992909923406, 0.0262240722261414, 0.0283716622003277, 0.0345427333607999, 
0.0410767050809884, 0.0461668627047058, 0.0356246747020234, 0.0336335270847795, 
0.0266909246500517, 0.0182838206133, 0.0121712035610446, 0.00740308656796595, 
0.000622471256259534, -0.00925131415026657, -0.0188455859003078, 
-0.024264895092623, -0.0262942913459003, -0.0288055385021949, 
-0.0376774389493922, -0.0427479289732571, -0.0468879726069556, 
-0.0483940759550765, -0.0484528660293767, -0.0474131107989983, 
-0.0462435279228851, -0.0405247526383756, -0.0359576740498686, 
-0.0329598493607785, -0.0312957256574631, -0.0351236510447263, 
-0.0413027682772256, -0.0510549998295984, -0.0570851998197848, 
-0.0583869284247925, -0.0563940969066245, -0.053688840550188, 
-0.0499750272381384, -0.0453639041044114, -0.0399549405947405, 
-0.0347362216787884, -0.0190281971323475, 0.30060958722001, 0.289888285552763, 
0.160668539142064, 0.0684677073254078, -0.0434986474488618, -0.0788701506435223, 
-0.0272228398903105, 0.0568249404927072, 0.0446999375347647, 
0.0400280484761741, 0.036643138743319, 0.0333369054748766, 0.030094481539558, 
0.0269980403549678, 0.0265888664039255, 0.0280779731509212, 0.00293462116559625, 
-0.0397898512681275, -0.0419706799657125, -0.0312276389213599, 
-0.0353403212646142, -0.0424371673460598, -0.0481004682312488, 
-0.0579874589524602, -0.0699374878072772, -0.0820159529074387, 
-0.0921806967983238, -0.102600219230051, -0.111026578348662, 
-0.115482036896325, -0.117854979969357, -0.113920611555316, -0.105123142669024, 
-0.0957409641448195, -0.0880645632576828, -0.0814418940147922, 
-0.0792305864617748, -0.0754350562799899, -0.0781572751226946, 
-0.0884889760331867, -0.0998604720824099, -0.110506167230334, 
-0.11144750201166, -0.105757865182588, -0.0971993974300045, -0.0873727264889421, 
-0.076947826498263, -0.066765053530915, -0.0575488552884839, 
-0.0490159253514424, -0.0394322879906807, -0.0289461131160709, 
-0.0238461758005309, 0.00608219448599934, 0.0355147204285344, 
0.0661708776101635, 0.0988719409790848, 0.131640228422025, 0.163164262480821, 
0.193494884737794, 0.223547070577763, 0.252526945821454, 0.279406828170403, 
0.301511587140221, -0.00128736624673913, 0.00360782807703818, 
-0.0103708159304596, -0.00979354674134113, 0.0496475960625803, 
-0.0211810067524927, -0.0500013605191805, -0.00574783974761768, 
0.00289201363767047, 0.015589953816991, 0.0281160803848268, 0.0405743926972575, 
0.0530130845521296, 0.0649095402019825, 0.0757738665069444, 0.0958662658932076, 
0.120824190819288, 0.110571927743886, 0.0751217279779907, 0.0667985302777528, 
0.0577882348350651, 0.0482154370548444, 0.046089003802906, 0.0419310894273829, 
0.040544074973152, 0.0426367485269205, 0.0470677741473381, 0.0489225419359517, 
0.0445348185861035, 0.0407950345532861, 0.0372953928904319, 0.0319844806155095, 
0.0263679640160394, 0.0195191514921423, 0.0112358772293587, 0.00191570706012105, 
-0.00876834561133757, -0.014548160630602, -0.0268525893782293, 
-0.034050296901929, -0.0328866785597307, -0.0352414615439012, 
-0.0428231400989377, -0.0496867643931943, -0.0553072268051855, 
-0.0594245607398706, -0.0612465651400376, -0.0602893486846521, 
-0.0576697533161282, -0.0542379210831991, -0.051655346258377, 
-0.0503958808306356, -0.0502947706813452, -0.0526322994669161, 
-0.0602850010558957, -0.0679941095434055, -0.0709938631192672, 
-0.068767093575377, -0.0629337509345723, -0.0551996707494102, 
-0.0469482367438229, -0.0361585238892737, -0.0220608234571972, 
-0.00241621066583796, 0.328505315023743, 0.302154316764069, 0.157689925765569, 
0.0618875725748744, -0.0523780351421033, -0.0723571027809206, 
-0.0473490712888056, 0.0617235807257014, 0.0464833543493041, 
0.0377906819828034, 0.0353441222578127, 0.034276795659132, 0.0315552184586873, 
0.0269276849582466, 0.0198355998259585, 0.0114685624677057, -0.00224697849840274, 
-0.018835635842341, -0.0294736600232359, -0.0331549266101733, 
-0.0333969529968972, -0.0382539453246312, -0.0398877334801998, 
-0.0527035778329673, -0.0734258687671841, -0.0887539711471022, 
-0.0968196486052902, -0.104034250993984, -0.113820434481211, 
-0.119851651008241, -0.120827521237571, -0.116734138580928, -0.108698942952461, 
-0.0967435599645548, -0.0863919090406963, -0.0771393141780438, 
-0.072614071748633, -0.0743271810693328, -0.0816297077799716, 
-0.090793918729059, -0.0996789935133215, -0.112486560251011, 
-0.116899034581005, -0.108611998391901, -0.0966566661532923, 
-0.0861684514778593, -0.0777463663740759, -0.0695957191724938, 
-0.0626440912557917, -0.0537004400817919, -0.0418997380558465, 
-0.0301711161521228, -0.022441818476239, 0.00734768828084073, 
0.0371059231225426, 0.0680327974878399, 0.0987451123782131, 0.129454075740503, 
0.160135425794767, 0.190865576497704, 0.221864844100089, 0.252320514053849, 
0.285256930105791, 0.314573085665945, -0.00373921650491485, 0.00208188085484814, 
-0.00094905142699684, -0.00032685518448054, 0.0266583129990775, 
-0.0144509760872188, -0.0395583193526671, -0.00197004145363516, 
0.000199987401629851, 0.0122864882972394, 0.0261945813932208, 
0.0387047811962557, 0.0515489749984977, 0.0646232324718443, 0.0761440190442062, 
0.0879161748900496, 0.0933351906631944, 0.0905637726606395, 0.0787531500847198, 
0.0663609368027599, 0.0549762797619399, 0.0436497627405441, 0.0355082237502808, 
0.0250441102983426, 0.0240446322729296, 0.0318509680741525, 0.0408405485383315, 
0.0463935519748473, 0.0476849111356556, 0.0398703160698422, 0.0359451444959674, 
0.0249114461418489, 0.0175766599237997, 0.0162210304286662, 0.0119649285207054, 
0.00279443540126204, -0.00940756643760239, -0.018360420905613, 
-0.0256282084032361, -0.0285769976222008, -0.0287722677268404, 
-0.0329384047798764, -0.0441979087002797, -0.0533257980202264, 
-0.049821755284728, -0.0509494525324184, -0.0504633339444181, 
-0.0489232091224743, -0.0458752247899008, -0.0414970477417147, 
-0.0382050051818264, -0.0373889880968212, -0.0429692344022027, 
-0.0486269942981891, -0.0564727215213756, -0.0582544964178191, 
-0.0560248878756632, -0.0524713072301689, -0.0487779606353614, 
-0.0445168157105396, -0.0423194254016062, -0.0415165804565174, 
-0.0381752209358999, -0.0191967391018654, 0.333614262221048, 
0.320154377250644, 0.138637388133558, 0.0417266066432009, -0.020102630687686, 
-0.0851505230523828, -0.0432412175650809, 0.0666228663159348, 
0.0518846566261105, 0.0362287846901042, 0.0267877457370975, 0.0197215461577814, 
0.0141700084164998, 0.0131711686115221, 0.014735718254142, 0.011090939287199, 
-0.0174933548274966, -0.00865187745118832, -0.00179984362471466, 
-0.00657673656213957, -0.0156215904794197, -0.0300577539575718, 
-0.0487404391672898, -0.0527606530353155, -0.0654339275195068, 
-0.0806075707593897, -0.0904360648066307, -0.10137295599097, 
-0.111376322287824, -0.124285693864601, -0.127576392018731, -0.121371734446243, 
-0.108560971048508, -0.0963526162063766, -0.0859736316284344, 
-0.0841802310088883, -0.0812366248882159, -0.0867026104265361, 
-0.0910036317610915, -0.0969117675857061, -0.102919902089947, 
-0.112994338068965, -0.119905508081144, -0.107619422657133, -0.0974576078669134, 
-0.0877910737152095, -0.0790151924278412, -0.0673352276341707, 
-0.06462707577371, -0.058199503355442, -0.0378982353946106, -0.0264590619719781, 
-0.0218889485151677, 0.00826751187976436, 0.0381355761901941, 
0.0694414865916677, 0.100807023281096, 0.131923639785805, 0.163223194825243, 
0.194455471067824, 0.22519005589927, 0.255237567036043, 0.283586191636402, 
0.30887667767202, 0.015793976471121, 0.0171418666151571, 0.00459195430073779, 
0.00902229874562331, 0.0313777639795833, -0.0038600809274254, 
-0.0391255937382762, 0.00277499383235977, -0.00213630961950526, 
0.0041771522525906, 0.0188244296424382, 0.0313713367505457, 0.0455183799331227, 
0.0662905798411036, 0.0684706655153543, 0.0737854104005316, 0.0765071262099889, 
0.0863587331901906, 0.0428825805688919, 0.0406780933032246, 0.0332821426625295, 
0.0257579570122015, 0.038167883318055, 0.048107404704533, 0.0567215994651128, 
0.0529947530654924, 0.0501884936882358, 0.0479738399976639, 0.0528417441869187, 
0.0516850647645195, 0.0379842973094366, 0.0254573634862833, 0.0170875167930713, 
0.0177365247246202, 0.0124720497631439, 0.00146227191215959, 
-0.00749465066787917, -0.0094496319943341, -0.0164145755490941, 
-0.0226687112245367, -0.0274392640674847, -0.0313083615635163, 
-0.0441397627284608, -0.0519979215787882, -0.055096826979444, 
-0.0557516601306942, -0.0531486055090312, -0.0517267664009486, 
-0.05146410660277, -0.0415891528747094, -0.0354843840905347, 
-0.0478111664101199, -0.0427305884112632, -0.0489694834369094, 
-0.0579765981726826, -0.0622249025356612, -0.0607111443962833, 
-0.0571807076212425, -0.0532228226952068, -0.0505126458032264, 
-0.0455490738240669, -0.0385849282451784, -0.0276936535064843, 
-0.0120241671007839, 0.304145908496961, 0.283326151664675, 0.174439750611257, 
0.0714351648851821, -0.0520209590159381, -0.0791004823035081, 
-0.0268926828628651, 0.0588565299300756, 0.049096713835347, 0.0434283586809157, 
0.0380841133752359, 0.0322371000462187, 0.0272515110312835, 0.02277310460753, 
0.0200905363843584, 0.0205015188110998, 0.00110193122355952, 
-0.0270351297653697, -0.0381361243954489, -0.0396964083168653, 
-0.0416076092081825, -0.0466743256916122, -0.0465918079285173, 
-0.0543138616548337, -0.0661788063559065, -0.0810098165912135, 
-0.0945382708499883, -0.104104597374311, -0.112748711824963, 
-0.116055368369339, -0.118311708146484, -0.11560835536206, -0.114005553145352, 
-0.103802853378625, -0.0932800953899938, -0.0849180531968721, 
-0.0787286410123431, -0.0779447843649174, -0.0818546472482174, 
-0.0884808452484085, -0.0989916920016524, -0.107008023865266, 
-0.110815012402142, -0.10415124459644, -0.0965787161921693, -0.0868287802945887, 
-0.0784598834205169, -0.0687160224875111, -0.0592335786092568, 
-0.0501068193879337, -0.0392742073919315, -0.0280463757513706, 
-0.020859993819035, 0.00931897396672686, 0.0384839669794057, 
0.0684041499616405, 0.100009964799379, 0.131598213531169, 0.162903648445072, 
0.194293493933701, 0.225990733344614, 0.258220124254512, 0.288624183419986, 
0.308095003002043, -0.00369557802166809, 0.00313419743640484, 
-0.0054164766145208, -0.00723112055210713, 0.0416434081447602, 
-0.0136276152379995, -0.0388892750997655, -0.00371207984332876, 
0.00447544069938704, 0.0157069442039185, 0.0282121971240608, 
0.0397752703066087, 0.0517768410847862, 0.0637590776274407, 0.075263263706371, 
0.0935923805281715, 0.109594700049552, 0.103100492712366, 0.0827745125783948, 
0.0681370922879594, 0.0590643919111432, 0.0502164523271025, 0.0437569030474367, 
0.037687032400252, 0.0323862933502508, 0.0311035752155141, 0.0345631063461127, 
0.038738813456047, 0.0395193110386697, 0.0380772063465272, 0.0332463366696651, 
0.0271710254470003, 0.0173917268837366, 0.00704429245062462, 
0.00030327397363175, -0.00539033603630681, -0.0114437703794706, 
-0.0157124957374875, -0.0240743271993479, -0.0303558754917765, 
-0.0335799815467185, -0.0358267983145574, -0.0443204616407471, 
-0.0507109347064686, -0.0508343794039501, -0.0496256073335893, 
-0.047547894699435, -0.0452539972068003, -0.0429543801952242, 
-0.0406786009041732, -0.0389234934866218, -0.0386544870351574, 
-0.0394121302424195, -0.0445345139321579, -0.0540797464197726, 
-0.0623018697446757, -0.0651247141941483, -0.064830772826893, 
-0.0632708083565433, -0.0604601907003423, -0.0555331433188938, 
-0.0470153752143298, -0.0307685644638187, -0.0054237632526801, 
0.312700244346709, 0.304858198538505, 0.151498183790166, 0.0749489169676593, 
-0.0492164036591759, -0.0783974928239696, -0.0399230579388082, 
0.0563605475962825, 0.0418699776869372, 0.0372101533077183, 0.0346223451081087, 
0.0315596563201568, 0.0283181887339272, 0.0240725398101715, 0.021195065596643, 
0.0194001264107078, 0.00257356543491473, -0.0223166959108662, 
-0.0396391469853393, -0.0383950610318113, -0.0387628421782742, 
-0.0445036900998157, -0.0472618078871763, -0.0569655965401816, 
-0.0692923936855615, -0.0816472571091813, -0.0923503126731191, 
-0.102823231382838, -0.111546722466244, -0.116864921685684, -0.119528871239556, 
-0.113498809901487, -0.103258407537289, -0.0952972337298724, 
-0.0882385870295761, -0.0828453174238401, -0.0802504477745262, 
-0.0746559761075661, -0.0804464224907955, -0.0911839596015004, 
-0.0993549462274844, -0.109862305439663, -0.111304911703355, 
-0.100257791950754, -0.0926534031310566, -0.0844131701037687, 
-0.0755212938535608, -0.06755793477138, -0.0590291643467301, 
-0.0502835993165187, -0.0400911227984458, -0.0296959983923167, 
-0.0230039851504746, 0.00685918455242971, 0.0364182780110417, 
0.0674109632401401, 0.0997307078586983, 0.131860742830301, 0.162894188302728, 
0.193119019491003, 0.223218738320223, 0.253027051902264, 0.281366133061698, 
0.305047576860431, 0.00331530943615523, 0.00636230303042808, 
-0.0117117762908178, -0.0159087581402961, 0.0434120044812404, 
-0.0205688863038537, -0.0459241673501444, -0.0118646585256361, 
-0.00156581426251446, 0.0131013652108135, 0.0260345538611379, 
0.0384439283694537, 0.0508224870151885, 0.0625988720353299, 0.0745109156214015, 
0.092067990040262, 0.104926584521916, 0.104283471296457, 0.0845477317967668, 
0.0651986906904674, 0.0552420463589325, 0.0488864043907023, 0.0432395027616432, 
0.0391174269996258, 0.0379503318588605, 0.0397750001483189, 0.0440094454966627, 
0.0448710539020105, 0.0439606346035657, 0.0407131978771944, 0.0358012415364037, 
0.0327911711403804, 0.0253287005731599, 0.0175801730805467, 0.00916284622198822, 
-0.000181875671148295, -0.0105812786830522, -0.016712700697889, 
-0.0259895661628257, -0.0302546707958879, -0.0322800285050355, 
-0.0363261741099876, -0.0416276048451234, -0.044219399006306, 
-0.048960021029203, -0.0519087282833532, -0.0530608941825425, 
-0.0522657638304059, -0.0500353839303516, -0.0477583112004466, 
-0.0454468696935327, -0.0447407168641814, -0.0479595182074189, 
-0.0520194149349181, -0.0604011256710854, -0.0666269842135118, 
-0.0686711284831463, -0.065770196625366, -0.0600013268030045, 
-0.052594889319569, -0.0451430461852912, -0.0368088932772479, 
-0.0252620295679081, -0.0069027827040114, 0.335731803045961, 
0.330681547908324, 0.1306108173917, 0.068780927992039, -0.0558917503381081, 
-0.0852548765417568, -0.044416062209804, 0.0594882152126503, 
0.042704267707606, 0.0341939439631935, 0.0307027398435461, 0.0265524978453022, 
0.0211743758541738, 0.0153337806494221, 0.00877703481242244, 
0.00215519394446513, -0.00388188051991211, -0.0117971069988764, 
-0.0254228559844919, -0.0356963305874953, -0.0422294864751733, 
-0.0461370584962265, -0.043101090812656, -0.0551695954919431, 
-0.0716216204545252, -0.0820291670703148, -0.0921332385448825, 
-0.102160598447723, -0.109948370634392, -0.112568439699412, -0.122053623345959, 
-0.111384224161086, -0.105582415243767, -0.096669424824616, -0.0890289711288882, 
-0.0850920233125568, -0.0813100545380768, -0.0864615470499616, 
-0.092408594116917, -0.099662887499678, -0.0979175317511568, 
-0.0999256634282595, -0.105254982386997, -0.102469368272417, 
-0.0911862142534831, -0.0816432066827092, -0.0714814173366736, 
-0.0627316035014346, -0.0533282123262263, -0.0447338335936069, 
-0.0361647646674408, -0.0266180737533399, -0.0226373053000691, 
0.00453636676503372, 0.036717396505938, 0.06975774648752, 0.102209998178319, 
0.133739421806605, 0.164569589913719, 0.194335977919534, 0.224604248896915, 
0.254535437962352, 0.2831125866601, 0.310199554516173, 0.00559464060959985, 
0.00866790434435658, -0.0113760227838678, -0.0121072337914144, 
0.0307398887443577, -0.00503842971367818, -0.0361190129279264, 
-0.011481503555976, -0.00473267399099101, 0.0108171439487872, 
0.0248333959993426, 0.0364273865989082, 0.0471698004376845, 0.057971933318702, 
0.0685070968667077, 0.0767876315806096, 0.0825710921280494, 0.0858865887054918, 
0.0819088806883595, 0.0726566472413256, 0.0603083303707834, 0.0490408841349463, 
0.0371483366842099, 0.0302760544532963, 0.0320247121246902, 0.0369305259382816, 
0.039761798305853, 0.0417784092351791, 0.0431978003052637, 0.0364934331727849, 
0.0380743559583589, 0.0264047724774353, 0.0236817703116539, 0.0156034507469254, 
0.00764858184258907, -0.00105932623998204, -0.012637750015681, 
-0.00993392040256831, -0.0178807753438288, -0.0287383171812005, 
-0.0352934460127778, -0.0372250465067855, -0.0433815133187344, 
-0.041368542169739, -0.0387329745414019, -0.032522874754696, 
-0.0337620637638914, -0.0343764963926359, -0.0348832655556995, 
-0.0357294630080826, -0.0373970565141709, -0.0387047788805687, 
-0.0482322294298295, -0.0614379918149514, -0.0694663264879052, 
-0.0723141812244953, -0.0705093086069712, -0.0660471008233663, 
-0.0593425830377716, -0.0506616723621136, -0.0442729413039269, 
-0.0358657822651246, -0.0246400834101314, -0.0116405591416484, 
0.324523563053231, 0.304828921006955, 0.16302758473687, 0.0556988202041977, 
-0.0437347034010024, -0.0773773088077626, -0.0520077099356393, 
0.0607856590901574, 0.0493206798866425, 0.0434467911431945, 0.0418106812673992, 
0.0394770083650873, 0.0382529546666762, 0.0343170606840265, 0.0227905730481844, 
0.00883532694660824, -0.0014701323530203, -0.0114658060715062, 
-0.0193547502364716, -0.0238204688526888, -0.0293314447237429, 
-0.0330436594786792, -0.0420984433198731, -0.0553682113507894, 
-0.072229800242656, -0.0897905813202082, -0.1010091468727, -0.103779746034535, 
-0.113074135475476, -0.118780824810676, -0.120195372566978, -0.115190189694966, 
-0.112359935882407, -0.102462650740109, -0.0908013126026559, 
-0.082847988648098, -0.0773943375496852, -0.0759748182085726, 
-0.0822497338358552, -0.0913490321134905, -0.100374843633842, 
-0.111852557131514, -0.121873277008234, -0.110816822035379, -0.098492089123757, 
-0.0890239942196551, -0.0802992821214418, -0.0705042800088553, 
-0.0634909126014176, -0.0559843501379888, -0.0455644239411999, 
-0.0326019067885043, -0.0239053723348397, 0.00690351654950909, 
0.0370211759512166, 0.067228327097824, 0.0976506089397163, 0.128034973086435, 
0.15911635521841, 0.190496170495538, 0.221397715002056, 0.251786564228377, 
0.282850931539162, 0.313744394009396, -0.00763368354185436, 0.00722850660406313, 
0.00144683935629738, 0.00748775408309211, 0.028528854459086, 
-0.0168156371671977, -0.039491196094806, 0.00247376444758679, 
0.00516126248383434, 0.0151353640469043, 0.0270742108107311, 
0.0394260330117018, 0.0525298682730427, 0.0687614965643375, 0.0827981997823551, 
0.0861340434951736, 0.0836131622429303, 0.0791873093898958, 0.0733290365679622, 
0.0637594672589777, 0.0537637285903573, 0.0412923243287006, 0.0281909954371247, 
0.0245544474950102, 0.0230479895055312, 0.0284480052612952, 0.0406568628685093, 
0.0479861768131116, 0.046569493841655, 0.041091328908547, 0.0434519562595376, 
0.0278830373998063, 0.0186160179592744, 0.00919051489315663, 
0.00586163172403467, 7.2041512683351e-05, -0.00955465240336274, 
-0.0167830469268013, -0.025875224859613, -0.030097819988968, 
-0.0314513441832246, -0.0317908128309023, -0.0423326290450426, 
-0.0579527463843238, -0.0539353419519032, -0.0535048416426891, 
-0.0513761838211825, -0.0495474392205453, -0.0474999140643291, 
-0.0432012960634722, -0.0384334427113588, -0.0338487844216099, 
-0.0421748737328332, -0.0437600273962509, -0.0511607291240741, 
-0.0536427449512047, -0.0531563788235922, -0.049658860116359, 
-0.0452361850995573, -0.0432610469343444, -0.0418881242563569, 
-0.0406673369257546, -0.0364653681919627, -0.0225540128008307, 
0.31173231264317, 0.283819963582326, 0.159087991426248, 0.0632576313931616, 
-0.0496063197181308, -0.0799807686613647, -0.0329684613441073, 
0.0603663477388282, 0.048916686571632, 0.0440849315544405, 0.0426464712196869, 
0.0414600347949063, 0.0394886647539683, 0.0367583656907896, 0.0284880800560403, 
0.0125792661935033, -0.00260237785798222, -0.0175119887729801, 
-0.0256372794818864, -0.0290732258959017, -0.0326976273738703, 
-0.0380002573702259, -0.0431004079375408, -0.0566387209184993, 
-0.0734645473551705, -0.0874418407733335, -0.0962889019455227, 
-0.105067264324703, -0.110616801077813, -0.11474124527319, -0.119085012839071, 
-0.115652660461955, -0.112988330046317, -0.0998525573928982, 
-0.0904430183790334, -0.083213119141894, -0.0803310366947425, 
-0.0798256279767544, -0.084282024711628, -0.0915457354096702, 
-0.100333128402012, -0.112790858604338, -0.123727183901056, -0.106906593042101, 
-0.098259407497602, -0.0885864045632712, -0.0785324108942016, 
-0.0687554075331531, -0.0597817506360478, -0.0507942349879937, 
-0.0407707039645542, -0.0314827668545814, -0.0240176843934557, 
0.00581403453419229, 0.0361223196785506, 0.0676035727049048, 
0.098976412004746, 0.130119509441407, 0.161146718344964, 0.192093053945391, 
0.223198254290494, 0.254736908526541, 0.286393227844476, 0.308504935476187, 
-0.00117057905239376, 0.0133423239359823, 0.0021053633290459, 
0.000278561038498113, 0.0330791961506159, -0.0139934308873282, 
-0.0444836020517755, -0.000702368965636415, 0.00538085716570752, 
0.0160476657711871, 0.0277443675039869, 0.0403731289939032, 0.0535159411797807, 
0.0686883926102261, 0.0865917256602819, 0.0949466016854012, 0.0962944133174889, 
0.0906645643211829, 0.0774159793546411, 0.0661878313447387, 0.0554178184522287, 
0.0432808773124752, 0.0345074661865854, 0.0285677221520351, 0.0289514694704239, 
0.0345122686288543, 0.0415882355886757, 0.0462178683391335, 0.0463785043541123, 
0.03858276477547, 0.0334769503323497, 0.0290891692541539, 0.0174999808462704, 
0.0128327408649065, 0.0082308599861978, 0.000583476818238119, 
-0.00969636269174706, -0.0143972261083503, -0.0234426026158181, 
-0.0296861791155192, -0.031686323248944, -0.0308021872111024, 
-0.045929004446486, -0.0508943825503962, -0.0513854873175231, 
-0.0515917511697472, -0.050719267220446, -0.0499666336241463, 
-0.0480148059697481, -0.0464507885611437, -0.0455937717546632, 
-0.0453700297870133, -0.0462787611588048, -0.0523447818058546, 
-0.0596582547328886, -0.0625097328258847, -0.0611410890845676, 
-0.058593185800212, -0.0553129647079802, -0.0524434207639183, 
-0.0498935774042501, -0.0450318620191417, -0.0334691022514285, 
-0.00972156981991956, 0.332840569075405, 0.326439525933404, 0.148199607205344, 
0.0831521845458793, -0.0599295103217787, -0.0749910483346634, 
-0.0464300096529914, 0.0621997023086713, 0.0472576765090459, 
0.0383287556836445, 0.0320990305248179, 0.0245786678418889, 0.0164466711688162, 
0.00796667439774, 0.000669740015556046, -0.00562937226687539, 
-0.0110597891699676, -0.0138265587204444, -0.0226172414692132, 
-0.0372428178239583, -0.0423900409658535, -0.047790028214604, 
-0.0457613405770418, -0.0558316542295209, -0.0690422943705372, 
-0.0794510785691397, -0.090330765533188, -0.101604026383056, 
-0.112367447349186, -0.120742698035796, -0.119674675078935, -0.113109695193899, 
-0.10266640935249, -0.0916986039120883, -0.0818418944943534, 
-0.0759197304249976, -0.0749700750844822, -0.0769858801633806, 
-0.0823572293467615, -0.0898731451351879, -0.100804901164693, 
-0.110426848077168, -0.10947060743493, -0.103911327123572, -0.0950171299637907, 
-0.0849501465539544, -0.0768408830435863, -0.0701678828560246, 
-0.06092332131023, -0.0505128094773184, -0.0385038139816375, 
-0.0301363986928808, -0.022259088353395, 0.00810893893141494, 
0.0387294141606055, 0.0699980123309369, 0.101086668101607, 0.13181891837924, 
0.162365937020227, 0.192755416958855, 0.223493886329942, 0.254263611703233, 
0.284112889474816, 0.313147719606485, -0.00898567578518237, -0.00634506348345848, 
-0.00716364617175353, -0.00771017456085705, 0.040520763326284, 
-0.010248841173096, -0.0409354493513288, -0.0082439647885216, 
-0.00184877843303632, 0.0100081666504645, 0.0210578554307524, 
0.0294895050089109, 0.039084680870241, 0.0498131586826416, 0.0612741464662718, 
0.0707703435621002, 0.0777716983459098, 0.080990195321625, 0.0827481488177809, 
0.0743180039488217, 0.0598114412746631, 0.0524647789955158, 0.0425266886249312, 
0.0380967908899095, 0.0379271276668492, 0.0426282807831012, 0.0439650826664695, 
0.0409906523160796, 0.0447372199005113, 0.042600885075268, 0.0357502127507746, 
0.0315355365652976, 0.0269855758923245, 0.0212456833498324, 0.0124739546231818, 
0.000864489567022646, -0.0108408899070699, -0.0164783343900816, 
-0.0247560617494702, -0.0290642699504051, -0.0311315749471192, 
-0.0366933367945008, -0.0444704830572076, -0.0468759123165341, 
-0.0473178789627263, -0.0489368565222417, -0.0489305613559397, 
-0.0467691934683151, -0.0434923362517928, -0.040710801779589, 
-0.0392257913160141, -0.0402887132498163, -0.0483558394387565, 
-0.0552490589847608, -0.0520883429695568, -0.0522735243892314, 
-0.0529582656817727, -0.0515293475129955, -0.0482792781250647, 
-0.0430977847992007, -0.0375680343329644, -0.0329412449707054, 
-0.02933703905121, -0.0213087173512591), .Dim = c(64L, 2L, 24L
)), ID = 1:24, Binom = structure(c(6L, 13L, 7L, 8L, 9L, 11L, 
2L, 4L, 10L, 5L, 3L, 1L, 16L, 20L, 21L, 12L, 22L, 17L, 14L, 23L, 
24L, 19L, 18L, 15L), .Label = c("Amblysomus_corriae", "Amblysomus_hottentotus", 
"Calcochloris_leucorhinus", "Calcochloris_obtusirostris", "Carpitalpa_arendsi", 
"Chlorotalpa_duthieae", "Chrysochloris_asiatica", "Chrysochloris_stuhlmanni", 
"Chrysospalax_trevelyani", "Chrysospalax_villosus", "Cryptochloris_wintoni", 
"Echinops_telfairi", "Eremitalpa_granti", "Geogale_aurita", "Hemicentetes_nigriceps", 
"Hemicentetes_semispinosus", "Limnogale_mergulus", "Micropotamogale_lamottei", 
"Micropotamogale_ruwenzorii", "Oryzorictes_hova", "Oryzorictes_tetradactylus", 
"Potamogale_velox", "Setifer_setosus", "Tenrec_ecaudatus"), class = "factor")), .Names = c("meanshape", 
"ID", "Binom"))
