structure(list(meanshape = structure(c(-0.291758873109238, -0.28123059335197, 
-0.120372814668674, -0.046601863808903, 0.0348730293128553, 0.0764457721154265, 
-0.00560553157872332, -0.0580029754458864, -0.0483081243996997, 
-0.036459476059992, -0.0256271983903575, -0.0200787161650586, 
-0.0173858041760573, -0.015918649318961, -0.0128277684331824, 
-0.00102048624767319, 0.0106537368437078, 0.0181239777191419, 
0.0208761237924859, 0.0268996099617003, 0.0395661371709942, 0.0487573052862776, 
0.0494282406941967, 0.0628472832926988, 0.0786445686879618, 0.0875237258486237, 
0.0926487526687302, 0.101817411341513, 0.112472785176853, 0.14621937555451, 
0.147561151648901, 0.113467953666603, 0.102905056605992, 0.0903283632916828, 
0.0824260734869296, 0.0768794341809751, 0.0728798988552283, 0.0763769685291844, 
0.0781357586251945, 0.0820564143690015, 0.0882436996184012, 0.10303614117094, 
0.111687574861556, 0.115991282421165, 0.0982449061714447, 0.0898860436575733, 
0.0821587334555155, 0.0563170094947754, 0.0337159293926848, 0.0328130142047635, 
0.0274433956112607, 0.0179218109922158, 0.0166220156214394, -0.011010970036643, 
-0.0420487860496816, -0.0738508134456561, -0.105807868970135, 
-0.137780772378424, -0.169158449228029, -0.199806321876309, -0.230326206194438, 
-0.259941197042423, -0.286324812774421, -0.307641392250569, -0.012542316078484, 
-0.0176638968181901, -0.0188859436195996, -0.0177315448414472, 
-0.0582019567244316, 0.0112587578639293, 0.0549889910385097, 
-0.00582428768055225, -0.0106921683988293, -0.014277955774143, 
-0.025061786687066, -0.0395787227086127, -0.052762634601233, 
-0.0652125690771084, -0.079535651085781, -0.0904705881344496, 
-0.0874976568454253, -0.0815589151323906, -0.0714887577745398, 
-0.0580746031599462, -0.0514670508112658, -0.0473089774588976, 
-0.0577151373565393, -0.0596688675235965, -0.0560367850138344, 
-0.0517809565597181, -0.0519496197515631, -0.0527110582963934, 
-0.0544251338687677, -0.0532569341121948, -0.00364262576086644, 
-0.0161481962553215, -0.0231814752409906, -0.0127314796968548, 
-0.00444996672306581, 0.00511132513271408, 0.0153374095235775, 
0.0210128425686687, 0.030584218429021, 0.0392016404869146, 0.0508013274793868, 
0.0516456409153387, 0.0464443810467702, 0.0665325472300566, 0.0777156699975257, 
0.0777458260313064, 0.0858034010258839, 0.0957964714403429, 0.0807634121512821, 
0.0670486601982253, 0.0629898763322817, 0.0658804097415895, 0.0560182943247269, 
0.0529619696755643, 0.0519931482666699, 0.0521472512119579, 0.0508428751016327, 
0.0481939036036302, 0.0412618379057442, 0.0324645669957257, 0.0233657353702265, 
0.0126452918301335, -0.00320899544776147, -0.0218124678994752, 
-0.29117604764782, -0.272637105658479, -0.135772110766024, -0.0585643230773319, 
0.0193031549430257, 0.0791036807512206, 0.0107302679371383, -0.0561029899758782, 
-0.0512783266057247, -0.0441250478475887, -0.0398389206427721, 
-0.0373261647925147, -0.0351043655654381, -0.0295411758828119, 
-0.016196829210585, -0.00204194512478437, 0.0093021033570149, 
0.00298084940429277, -0.000918096187944499, 0.0322150454717478, 
0.0409094472097638, 0.047293546314349, 0.0505554202749329, 0.0615618111623584, 
0.0726231021159619, 0.0825852471381245, 0.093843454771457, 0.1001239643127, 
0.11398747393028, 0.143987375598875, 0.149194753729973, 0.122196792372033, 
0.104629924723095, 0.0968224378032075, 0.0911576203738588, 0.0853556405521905, 
0.0816799836081553, 0.0749979461048432, 0.0765533558029272, 0.0791487121570176, 
0.0958064948035878, 0.106633719058291, 0.123110360147165, 0.11935448714353, 
0.103496465265317, 0.0933089983288, 0.0791977883754344, 0.0540732808987573, 
0.0431091173518311, 0.0448932758516816, 0.0358145257481547, 0.0239884069719276, 
0.021705879906044, -0.00949514524443978, -0.0412492939981824, 
-0.0734201910400199, -0.10567657546512, -0.138042856433471, -0.170165544021541, 
-0.2017530618577, -0.231097049536338, -0.257254221393233, -0.27651583333306, 
-0.292042690462264, -0.0290426805258984, -0.0313351380382093, 
-0.0308819725216111, -0.0186498747459192, -0.0500886290621346, 
0.0258279624337103, 0.0537173073805393, -0.0129031759092338, 
-0.0110798897508028, -0.0174171999774656, -0.0285441894515272, 
-0.041454733880355, -0.0555952560176077, -0.0727824448496842, 
-0.0864408563036233, -0.0873966044722724, -0.0908155810649708, 
-0.0899461302271863, -0.0605346091052846, -0.0412428916961453, 
-0.0449874341490894, -0.0452295244676343, -0.0520005203084657, 
-0.0523566502308588, -0.0517749383000975, -0.0519213931542834, 
-0.0527185215100007, -0.0519940625594348, -0.0581239290609913, 
-0.0519405149290842, -0.0214971596526478, -0.00669446245130845, 
-0.0113760665233008, -0.00741464155791123, 0.00094809543064787, 
0.00932077447662005, 0.0174205319627432, 0.0215602080356973, 
0.0310794047219288, 0.0440219999527514, 0.0561226521035411, 0.0472308462378589, 
0.0413433027144301, 0.0665624283793498, 0.0755624189367212, 0.0796342883708333, 
0.087112014829643, 0.0866263101762966, 0.0661404042288487, 0.0642533990341228, 
0.0637106444381361, 0.0602342163416144, 0.0552136835159896, 0.0525939467551189, 
0.053968936431123, 0.0557510690876222, 0.0536548253277134, 0.0518666425027589, 
0.0467056804761504, 0.038961029752927, 0.0272898289499626, 0.0131269080988241, 
-0.00514463547284085, -0.0262354491563434, -0.280414492933462, 
-0.268365172977942, -0.12854642380062, -0.0565834884211746, 0.0133365675676114, 
0.0837493091733219, 0.00370684228496401, -0.0565090864449448, 
-0.0504201072521839, -0.0437995735657513, -0.0361107881239222, 
-0.0317407075929473, -0.0290459340791125, -0.0281609639929518, 
-0.0239817816421231, -0.00461909032866131, 0.00781634343010305, 
0.0121630792838878, 0.00652548858101235, 0.0200550785540836, 
0.0369112890405004, 0.0454379934884342, 0.0485605185932031, 0.0588252909647148, 
0.0731278249448397, 0.0821742381043754, 0.0901060609340151, 0.099610018252593, 
0.111712991951017, 0.139762123451066, 0.157126159441945, 0.114971873735334, 
0.104544249083141, 0.0917628288730305, 0.0847533155206133, 0.0827372785714851, 
0.0804142855479447, 0.0833998794676146, 0.0847420743460156, 0.0859987678467577, 
0.093700112239946, 0.104728900558777, 0.121776289029529, 0.12761374891542, 
0.109189920110612, 0.0904896871836377, 0.0820431142008982, 0.0750669372618711, 
0.0417045314929092, 0.0181820599151978, 0.0295971326161265, 0.0169514731979419, 
0.0138794967188688, -0.0129869393331379, -0.0426001569799152, 
-0.0739804998455122, -0.10597223439087, -0.138025270353386, -0.169332291512307, 
-0.199837580274098, -0.229560275966606, -0.25321667750366, -0.278227567856144, 
-0.286918069303925, -0.0255295601506791, -0.0425132241779557, 
-0.0346836005281505, -0.0198557515646677, -0.0553766336651609, 
0.0143211077076206, 0.0705172875957601, -0.0133547498054577, 
-0.00954025142858509, -0.0168375603368177, -0.0285623404232635, 
-0.0412990385365222, -0.0535838977723424, -0.065458541366048, 
-0.0856275182657962, -0.0965102270267054, -0.0884788487428734, 
-0.0853210226975794, -0.0701630047319283, -0.0481013568706838, 
-0.0428162582278569, -0.0457305535312051, -0.0566344183022907, 
-0.0597358992048881, -0.0585117535628339, -0.0579821431131829, 
-0.0589639066300711, -0.060781961811065, -0.0615635780506213, 
-0.0572256775463498, -0.0167011061475203, -0.0132792329191366, 
-0.0223256519918774, -0.0131101664942681, -0.00408013443081815, 
0.00549954922875378, 0.0146889321594925, 0.0201451136288899, 
0.029317299415827, 0.0375194983729398, 0.0502445884008845, 0.0429036742755504, 
0.041412216079597, 0.0652422492072535, 0.0869705149022165, 0.0920634467356822, 
0.093002517647611, 0.0982941784956044, 0.102667900672242, 0.0711570811324086, 
0.0683122568301948, 0.0703978478514689, 0.0722120929982777, 0.065422428483361, 
0.0617134533518984, 0.0580800651430094, 0.0538314065819475, 0.0489331097477235, 
0.0418866080245901, 0.0321177693657875, 0.0233744216419879, 0.00827436627531884, 
-0.0101360993609804, -0.0201473125377166, -0.285393892257676, 
-0.278254049754888, -0.130079500852976, -0.059064809435476, 0.0160155137548811, 
0.0825408352244713, 0.0104279192706715, -0.0584321039178616, 
-0.0500303377669639, -0.0461940639331253, -0.0398714302658028, 
-0.0359037973475199, -0.0338460322548517, -0.0314511330218799, 
-0.0203888993091711, -0.00149718356890371, 0.00800542867492214, 
0.0112752150581424, 0.0099223191547604, 0.0197622923430883, 0.033269284308598, 
0.0438484288530738, 0.0513592022139421, 0.0624135551530599, 0.0734035138069486, 
0.0826446549394995, 0.0926661412641506, 0.104556743551662, 0.111027596601306, 
0.12979472347499, 0.158255491725537, 0.122501378088501, 0.103759452128334, 
0.0985943028538894, 0.0921739516986902, 0.088129326392056, 0.0847231949512321, 
0.0800740180582466, 0.0809378516410603, 0.0791776216174401, 0.0911069756303369, 
0.107347763898815, 0.12374041885353, 0.126159449116323, 0.104787449314729, 
0.0895622719270497, 0.0822256951582906, 0.0640748705744999, 0.0333075027096789, 
0.0286087391796934, 0.0373330104750666, 0.0217174124259196, 0.0188797530606938, 
-0.00875090986001399, -0.0395132065807937, -0.0712852118242821, 
-0.103347947059357, -0.135141903536629, -0.166424997404891, -0.197854062420887, 
-0.22870224857005, -0.256448153600126, -0.281497873723241, -0.300737520860416, 
-0.0127798152965399, -0.0292494094086388, -0.0287894110276124, 
-0.0261825579289669, -0.0550847122803435, 0.0225047200968789, 
0.0553336386017438, -0.00974307858630021, -0.0155092880979743, 
-0.0208544073185051, -0.0310573195318847, -0.0421942216566136, 
-0.053851169024113, -0.0696123825068567, -0.0891859572492911, 
-0.0922695899375521, -0.0880017158274948, -0.0838356873192956, 
-0.0702617708566875, -0.0509807131668336, -0.0399739907914686, 
-0.0411214579606754, -0.0525667800024844, -0.0527374051735617, 
-0.050338023406745, -0.0498591156775735, -0.0504526338744872, 
-0.0507097343806262, -0.0492049191738039, -0.0554750641007098, 
-0.0251918787096566, -0.00165559033928987, -0.00982614984282628, 
-0.00566712850224705, 0.00179400192548972, 0.00916688083579535, 
0.0186706923773011, 0.021364014733639, 0.0296628459539418, 0.0402643828078613, 
0.0557106054065174, 0.0489174935861626, 0.0400114151192348, 0.0674617089906535, 
0.0840845564230471, 0.0877333800704241, 0.0888613500540691, 0.0959321172851714, 
0.0875982023368537, 0.0564008947995302, 0.0650905504690741, 0.0619341800013387, 
0.0571750893153796, 0.0487452519662371, 0.0453453623441514, 0.0433581512120965, 
0.0412971447201733, 0.0397387106679732, 0.0357848678235201, 0.0309293485685812, 
0.025401874634866, 0.0145058068758762, -0.000507410717897138, 
-0.0160487503280258, -0.283330937832713, -0.275434864350343, 
-0.135136867068057, -0.0643017559858103, 0.0537000798369725, 
0.0613500577116393, 0.00379536263710666, -0.0574291424511198, 
-0.0505950876857169, -0.0440680461027325, -0.037778996695503, 
-0.0330439685552288, -0.0315032134711112, -0.027638365870372, 
-0.0167797902647901, 0.000702257568937868, 0.0142782027645639, 
0.0252403112063219, 0.0309248894835314, 0.0387065497694643, 0.0461830978397935, 
0.0545200750782607, 0.0550597072995557, 0.0634894512962486, 0.075757505610977, 
0.0867618480292231, 0.0919598213257542, 0.0990122957962218, 0.131216317809348, 
0.145445969947262, 0.12724711563266, 0.114959363647075, 0.10496987008078, 
0.0948594970335204, 0.0851347899560185, 0.075222176531975, 0.0665340589006213, 
0.062337193138911, 0.0679296394680204, 0.0782348336041564, 0.0925229641786423, 
0.107031478145041, 0.110228493624387, 0.114171582399942, 0.106636686571034, 
0.0933806613433862, 0.0818637020647036, 0.0564568586093887, 0.0362904893942098, 
0.0313070758505033, 0.0298633862689102, 0.0199286059027735, 0.0185149569691949, 
-0.00927579460500309, -0.0395744893430125, -0.071250763770789, 
-0.103123970942232, -0.134706946819594, -0.166085842115354, -0.198836705728236, 
-0.231749407605, -0.257755200264715, -0.281312019284179, -0.303017103515426, 
-0.00851672387047593, -0.0153334944371779, -0.0236233572969955, 
-0.0218864920221723, -0.0527667962403041, 0.0176886458575691, 
0.0554502957244105, -0.0154014545972309, -0.0186739028604108, 
-0.0235592804039604, -0.0330399029233125, -0.0425306750993699, 
-0.0554171522991237, -0.0726907008602246, -0.0894748463304757, 
-0.0959891800348916, -0.0935562783972576, -0.0851144165659352, 
-0.0739871729279706, -0.0668971198804088, -0.0581547558370472, 
-0.0498064808307997, -0.0509575387762133, -0.0501217554774691, 
-0.049180985026637, -0.0464637526298886, -0.0445945148089889, 
-0.0548575126918691, -0.0614378610591457, -0.0307825577616964, 
-0.0157467314348427, -0.0142049101147398, -0.0118687399204735, 
-0.00901455467898979, -0.00529461400576346, -0.000662124553254898, 
0.00825644415248883, 0.025495820883127, 0.0378167166227485, 0.0476182431638176, 
0.0532336192141799, 0.0516780482459723, 0.0487424627860315, 0.0573033408699627, 
0.072723452663325, 0.0816365007392359, 0.0882364794690941, 0.0958823071538044, 
0.0784389291820375, 0.0696952512003914, 0.0680515644419854, 0.0632855324214613, 
0.0583276518856504, 0.0519611212146951, 0.0492229562156607, 0.0483681357401604, 
0.0476671556708795, 0.0478624559154857, 0.046360959889044, 0.0449014257265136, 
0.0338441832154061, 0.0159386912046185, -0.0043547242098315, 
-0.0197253306044082, -0.295491667533976, -0.279308481334526, 
-0.124981064722338, -0.0473091878863647, 0.017510248378555, 0.0845404724095177, 
0.011102515713598, -0.0638904778501591, -0.049419413211621, -0.0376491362014224, 
-0.0295584046732917, -0.0270607680957709, -0.0258034014537627, 
-0.0254310885634584, -0.0180807087024516, -0.0021420433766342, 
0.00949462796209106, 0.0154441751962314, 0.000914778081332949, 
0.0167457926037597, 0.0383865683538683, 0.0450054927493939, 0.0505875658539739, 
0.0612367872293016, 0.0713085063151775, 0.0802560184824875, 0.0901205346001741, 
0.101058386931119, 0.111074512122312, 0.137724608795365, 0.150394998677396, 
0.119645836776801, 0.102489691918061, 0.0943621840996119, 0.0881319134714154, 
0.0827935006256132, 0.077825612366818, 0.0839520205299642, 0.0844355553304109, 
0.0840946301687422, 0.0914329751979047, 0.10767738224932, 0.11656589775974, 
0.118352726492199, 0.108030426442081, 0.0921031117578259, 0.0776559987263413, 
0.0539317976309847, 0.0369353641549305, 0.0439255779941098, 0.0355287257567639, 
0.0210693255963745, 0.0188151990564294, -0.0103828248944526, 
-0.0416688436323742, -0.0736730129278882, -0.105792909381969, 
-0.13795568097228, -0.169444559083788, -0.200770464885965, -0.23139189920753, 
-0.257281734314878, -0.280604979348576, -0.297569292302622, -0.0264864650006428, 
-0.0340139517574208, -0.0324255320990083, -0.0222218101208541, 
-0.0510058992765061, 0.0157129621349267, 0.0580971213229868, 
-0.00368069330253882, -0.0109330657755755, -0.0134902833150755, 
-0.026426102238989, -0.0404644751144666, -0.0530399171986166, 
-0.066932354892926, -0.0846949656180068, -0.0891261833772085, 
-0.0869414255450668, -0.0862086931763646, -0.0734804863189424, 
-0.0443670914004288, -0.0390719012211185, -0.0430555798008657, 
-0.0502642821268919, -0.0502483296435861, -0.0496841054536708, 
-0.0506384359467313, -0.053103882631958, -0.0550118270427163, 
-0.0553412691504463, -0.0560973339655557, -0.0175020948706435, 
-0.0112011708479574, -0.0162487244880952, -0.00953376733166189, 
-0.00168808431800666, 0.00841535278772425, 0.0152301904833106, 
0.0206429927174493, 0.0290579214043291, 0.0376420777356736, 0.050979228905471, 
0.0424706247815436, 0.0468751789609711, 0.0614947739820376, 0.0786073792980106, 
0.0864617074094469, 0.0893851047278012, 0.0938023270908037, 0.0688384950767603, 
0.0621109243623487, 0.0683843769525672, 0.0636517208089079, 0.0585528898582399, 
0.0530854654149928, 0.0524698684008857, 0.0529662013017381, 0.0505960438851482, 
0.0496452473811398, 0.0433484140728604, 0.0352581318724389, 0.0273934720631653, 
0.0120942562112048, -0.00449455503518623, -0.0241457120011546, 
-0.269836375836207, -0.261483322145468, -0.127460618580762, -0.0698046657801818, 
0.0589502954595588, 0.0695127531472358, -0.0154138695057274, 
-0.0584162258002173, -0.0552932477709467, -0.0475271637660907, 
-0.0402614393987134, -0.034886879719167, -0.0302278627909965, 
-0.0248204661486412, -0.0125593817905882, 0.00121694511304321, 
0.0102473163479639, 0.0206056088183598, 0.0307269982839345, 0.038099420391441, 
0.0420815617191909, 0.0523323841464661, 0.0536664339952127, 0.0671627571676756, 
0.0803393688791082, 0.0897870038460471, 0.0973938386474784, 0.109679877549886, 
0.136654010743329, 0.14790736919339, 0.121412532528018, 0.114753230709288, 
0.0993801715344576, 0.0868765268370536, 0.0791382369642233, 0.0744072953954645, 
0.0708291471741473, 0.0706797721578093, 0.0726780653908074, 0.080745794070362, 
0.0935520164420518, 0.102836048618872, 0.11784676069433, 0.117184329076273, 
0.0973674944349519, 0.0903460879908739, 0.0862893218667353, 0.0626443402563541, 
0.0228330136617872, 0.025593092669316, 0.0349836335787138, 0.0191199447396596, 
0.0169233976488067, -0.0107430247529177, -0.0415525390962648, 
-0.0729805656699585, -0.104556653965901, -0.136047913385472, 
-0.167559030065821, -0.199021085209018, -0.231314273788969, -0.261095317322911, 
-0.283848739370207, -0.308073536228529, 0.000753500925892907, 
-0.00667362604945885, -0.0269448211852103, -0.0216872601883788, 
-0.0653595112102428, 0.0206712859029317, 0.0589207767389928, 
-0.0158172400176799, -0.0200981332878178, -0.0260765633629311, 
-0.0336019489383041, -0.0434214613984469, -0.0547402374239945, 
-0.0695766652870541, -0.0842450363863654, -0.083223772282187, 
-0.0798899890539619, -0.074254892189046, -0.0704479390250199, 
-0.0690714339152208, -0.0683628325024364, -0.0673113655964127, 
-0.0664512005152904, -0.0650540133558452, -0.0625752060106854, 
-0.0595494712262268, -0.0571052452126697, -0.0585440648511039, 
-0.0513644690445552, -0.0198646336935706, -0.018360651357116, 
-0.0236626793190542, -0.0208722483394583, -0.0126183963717859, 
-0.00244437281424307, 0.00755194195856788, 0.0175464527343685, 
0.0252091052325656, 0.0361946097235628, 0.046062978197377, 0.0521194882434201, 
0.04483017156736, 0.0499432233404065, 0.0749093787160661, 0.0836732185369068, 
0.0778654063674735, 0.0870099768282435, 0.109733703049117, 0.0914870354648213, 
0.0646573009969994, 0.0584434831588759, 0.075775313505719, 0.061560413217844, 
0.0576507668962076, 0.0541681685303282, 0.050674494103278, 0.0483078882952768, 
0.045638531223499, 0.0417439709657633, 0.0377002033100108, 0.0311011888921343, 
0.0176551645483529, -0.00130520419662413, -0.0289825555639649, 
-0.283798470939099, -0.274609304323912, -0.144016598115691, -0.0594134284525635, 
0.0428153734530831, 0.0674408657000435, 0.000307512875978557, 
-0.0558678235336908, -0.0462565085351791, -0.0393778338905689, 
-0.0316942267082495, -0.0291525490942468, -0.0292397325835779, 
-0.0264712283223344, -0.0154400425151145, -0.00550612725959115, 
0.00448640693629644, 0.0147814979590365, 0.0202568912656608, 
0.0344075749475188, 0.0409127191257277, 0.0519927009985505, 0.0512224467106766, 
0.059796071633249, 0.0714658464591558, 0.0844373503290968, 0.0898863940731607, 
0.103000689680181, 0.140200586108206, 0.1481052376997, 0.131073828519326, 
0.115708561411846, 0.10136503450793, 0.0893588544073045, 0.0802942599363035, 
0.0725337283844768, 0.0685111647867724, 0.0669554133907727, 0.0693182575245458, 
0.077523352429121, 0.0914162542562008, 0.106131135235311, 0.116861183880358, 
0.122222431763638, 0.111359302527269, 0.0943498219663004, 0.0794971705911405, 
0.055080111318698, 0.0382774177525862, 0.0434170682713817, 0.0371141106216216, 
0.0203891423978092, 0.0189793199726158, -0.00940118251116651, 
-0.0403507822205656, -0.0725776794104014, -0.10550162591843, 
-0.137911084512723, -0.169538724786438, -0.200225158759514, -0.229781011599399, 
-0.25637918540448, -0.277111258749644, -0.293631523662069, -0.0201932961380879, 
-0.0232055019225407, -0.0322555224642531, -0.0186231915935301, 
-0.057368612385201, 0.0200623407851505, 0.059734382384861, -0.0181758237564876, 
-0.0152702912346284, -0.0171120021860026, -0.0279365416225601, 
-0.0406125013779347, -0.0538397219216473, -0.071400575114705, 
-0.0840994363000793, -0.0903636529525915, -0.0796113249503, -0.0730536686112425, 
-0.0619955379911328, -0.0561248267549712, -0.0555635828801671, 
-0.0542195092325595, -0.0550195945046976, -0.0563934793651221, 
-0.0581522664167763, -0.0588291440797441, -0.0575849822293203, 
-0.0642182813256299, -0.0652141933504603, -0.0269346763372787, 
-0.0207749189068584, -0.0276652526750019, -0.0254275430001284, 
-0.0166677248649488, -0.00849018010411141, 0.00191239849779298, 
0.0137972333799462, 0.0229335963724468, 0.0356489593858735, 0.0478230956682615, 
0.0568577066758242, 0.0560792867658824, 0.050842688618386, 0.0598056968334347, 
0.0784096310637394, 0.0884229147535854, 0.0926637420362258, 0.0958870790163915, 
0.0706854353463385, 0.067702378582136, 0.0698603295029014, 0.0683595938249446, 
0.0608805391529525, 0.057110297107733, 0.0577314311425095, 0.060770108586983, 
0.0593697697477533, 0.0542931240766029, 0.0462909561032621, 0.0366171061256507, 
0.0247825472892471, 0.0108202697251331, -0.00829027599292994, 
-0.0254670040083192, -0.297982996444359, -0.286545570430963, 
-0.120879176064235, -0.0450940769594511, 0.0497029136850198, 
0.0599296523598604, 0.00337009003137117, -0.0583633018842324, 
-0.0459420032906053, -0.0352728090858372, -0.0283904898554313, 
-0.0230381284134308, -0.021356938159628, -0.0304549072561246, 
-0.0178636278704572, 0.00240390422381713, 0.0137676861795527, 
0.0187935898661358, 0.0294933781432127, 0.0377513308765845, 0.0460351170260635, 
0.0519703671297528, 0.0542503470213163, 0.0641141785796482, 0.0735771946466273, 
0.084631281410059, 0.0935264535125324, 0.101073082697488, 0.127796691028783, 
0.144621709690297, 0.122215074501281, 0.114922340232706, 0.105456907736147, 
0.0953414168859349, 0.0855839695213382, 0.0727858518923536, 0.0639916041944915, 
0.0607539572284163, 0.0674090593087764, 0.0813475503435512, 0.0977786370574384, 
0.10326367652326, 0.117835913155346, 0.104160280315436, 0.0941787497847218, 
0.0836390926102873, 0.0781720458870384, 0.0682838706128013, 0.0534831789470376, 
0.0327254576542035, 0.0239442367112645, 0.0264762221528068, 0.0191841064252808, 
-0.00998792533136509, -0.0407035400130434, -0.0724063678562089, 
-0.104397589357503, -0.136493876637751, -0.168309802825742, -0.200101871021885, 
-0.230731277673193, -0.260731063749162, -0.286579530857749, -0.308115296751686, 
-0.0164633615045903, -0.0186948727781317, -0.0204845920764185, 
-0.017950572044716, -0.0482647818107945, 0.0242525309209576, 
0.0581581784685258, -0.00744700568022401, -0.00990638600959045, 
-0.0174480019774167, -0.0295684952150049, -0.0422277960704957, 
-0.0542690822298552, -0.0683472459140512, -0.0920811998250421, 
-0.0958710019811666, -0.090724620457931, -0.0806397039666494, 
-0.0734861633115087, -0.0672706495269727, -0.0574608678776315, 
-0.045144075191824, -0.0476389514157976, -0.0450312641809752, 
-0.0443248944182847, -0.0452020448966958, -0.0435240523509899, 
-0.0497424469477869, -0.0613881143778864, -0.0261942717458726, 
-0.0212501362303044, -0.0173376816922891, -0.0131745849021827, 
-0.0100835019441301, -0.00737147027144262, -0.00385360832554005, 
0.00929415712270059, 0.0269246884055857, 0.0394849611737424, 
0.0501367196571024, 0.0496038677030612, 0.0419204413020294, 0.0488036945410254, 
0.0590164720468218, 0.0632479978133944, 0.0635751537904965, 0.0707882355277362, 
0.0761381511424081, 0.0819881483736539, 0.0737965375923894, 0.0619216894039686, 
0.0622886930013004, 0.0591243031843344, 0.0554838920925365, 0.0540518387509343, 
0.0540782632206019, 0.0527359341690868, 0.0502159765158098, 0.0448513814050167, 
0.0384005359873142, 0.0278907163613485, 0.0161418982160627, -0.00162962833589243, 
-0.0228179304038602, -0.277074300330189, -0.269753775974413, 
-0.118299531440067, -0.0487314061251901, 0.0357993863672086, 
0.072611842227597, -0.0147644215149437, -0.0572046049408804, 
-0.0467293076362614, -0.0405024568641609, -0.0280150019109758, 
-0.0169855411605272, -0.0108053079617727, -0.00853577062096001, 
-0.00844283289724758, -0.00368618288333385, 0.0108433264492234, 
0.0231877528426702, 0.0307013126350312, 0.031318436087758, 0.0385303860535384, 
0.0548480313682114, 0.0464909180066572, 0.0567669109475915, 0.0753962882202106, 
0.0906777163376825, 0.103987988200234, 0.0933632843776823, 0.120573181637183, 
0.166476639607404, 0.12271645564419, 0.116841667702227, 0.0970888665873297, 
0.0822418552857464, 0.0763625765560498, 0.0734859712557927, 0.0717079454424288, 
0.0728504374175659, 0.0746706216697854, 0.0790509652921965, 0.0906226697378583, 
0.10023130223179, 0.111458990101623, 0.114787795036432, 0.103350917118076, 
0.0909028672555897, 0.0857845363309621, 0.0569206856238593, 0.0112790076776248, 
0.0426683644400254, 0.0412399168507623, 0.0096493475207457, 0.0257649705553771, 
-0.0127130942754588, -0.0446040994703221, -0.0761010993743909, 
-0.107828750509062, -0.139308004453874, -0.17073351575118, -0.20222368818719, 
-0.233679815261228, -0.263801244054059, -0.288780705372627, -0.313947675729607, 
-0.00817960911525663, -0.0146857232835239, -0.0397078817465859, 
-0.020032201022211, -0.0643280476571762, 0.0178003049883136, 
0.059741244184421, -0.0188124965568729, -0.0194119109607444, 
-0.0160523102753634, -0.0193435436528601, -0.033047955182011, 
-0.0484431204711701, -0.0628893855912683, -0.0746392512353214, 
-0.0870639760970399, -0.0911482649754833, -0.0845116721087932, 
-0.073810098310766, -0.0614879778833266, -0.0521178788999227, 
-0.0416442709612876, -0.0654439058036492, -0.0662217916302385, 
-0.0675740757154449, -0.0612456193610259, -0.0554534848743473, 
-0.0570972461754469, -0.0665371968103099, -0.0333284010452415, 
-0.00520857621972382, -0.0220033152471412, -0.0277507776694713, 
-0.0127275585719697, -0.00253244560499363, 0.00766053829697035, 
0.0177955972808906, 0.02332249263393, 0.0330629520373354, 0.0434819434063956, 
0.0471684891012757, 0.044765512804107, 0.0489605109638831, 0.0663643782478371, 
0.0827961922053705, 0.0868676723012791, 0.0929709272510993, 0.116828490780561, 
0.0654625094912054, 0.0574117379158617, 0.0680347085261221, 0.0711781526766133, 
0.052804731689273, 0.0581868261359395, 0.0560076696021203, 0.0540935234131367, 
0.0513381866683956, 0.0462862249923222, 0.0411586668264249, 0.0365542824019508, 
0.0292364064086996, 0.017294556782756, -0.00162114671519326, 
-0.0185323125833087, -0.289015723056188, -0.276251928195156, 
-0.13312179702673, -0.0577050414395381, 0.0323863976623627, 0.076118710954767, 
0.00255263771071046, -0.058765358690796, -0.0498047911918595, 
-0.0423811981766768, -0.0397039376058967, -0.0371536129704056, 
-0.0334126751776376, -0.0245918885463746, -0.012574791387545, 
-0.0077968812979824, -0.0013780524870321, 0.0160493061763989, 
0.0205016559692903, 0.0313033972462465, 0.0398513386567539, 0.0505243839464139, 
0.0523068325080265, 0.0622277637880102, 0.073477219234402, 0.0860403519176896, 
0.096425587901765, 0.101702370490688, 0.11687395393548, 0.151125204990485, 
0.144332168856253, 0.115874300941898, 0.105503198156504, 0.0943069303197002, 
0.0849342231269223, 0.0785828888856951, 0.0762747143642218, 0.0759757090747373, 
0.0776540927425666, 0.0822708834336753, 0.0907641209612839, 0.107727402373771, 
0.111780709907324, 0.128296045661994, 0.115559106940095, 0.0841228291204785, 
0.0639276764328309, 0.0542953281133005, 0.0460254370488668, 0.0378332315791677, 
0.0310752739904656, 0.0245827432900248, 0.0208586199937961, -0.00876952085915501, 
-0.0403038658632979, -0.0724149291535724, -0.104476949800712, 
-0.136502766796335, -0.168002758036662, -0.199550607016084, -0.229666382167759, 
-0.25713674661923, -0.280777484383722, -0.300765060458713, -0.0172858632894016, 
-0.0238230247128371, -0.0221775407380243, -0.0184339839120071, 
-0.0546909416718399, 0.0157311721768941, 0.0545419351551461, 
-0.00782221087423549, -0.0110728595474611, -0.018648964789051, 
-0.0298906569534616, -0.0429999317802297, -0.0579434339751184, 
-0.0749207805700289, -0.0808662205851548, -0.0869707320388959, 
-0.0760955759566889, -0.0669406162341945, -0.0591158700171626, 
-0.0547836850883784, -0.0518422634035988, -0.0467489947905034, 
-0.0554432703684324, -0.0551803808326775, -0.0560813291770146, 
-0.0553099489032717, -0.0539223868071788, -0.0538213194686746, 
-0.0612641847960483, -0.0489543910395824, -0.0132131985070151, 
-0.0136382043862581, -0.0168143357763726, -0.0136412580329832, 
-0.00604491528408602, 0.00378580793483544, 0.0143099391185352, 
0.0207441537343627, 0.0310400773021117, 0.0406078393004304, 0.050728300619316, 
0.0566512013045666, 0.0431641802163618, 0.0590676938562068, 0.0870239375920072, 
0.0954551780816868, 0.0880880912243136, 0.0811705045722161, 0.0753932334345915, 
0.0694621216844654, 0.0641767409286227, 0.0613703422897719, 0.0565012039181731, 
0.0519867944832348, 0.0509596386693321, 0.0520693373365879, 0.0510320156243286, 
0.0479795531005903, 0.0418328165173836, 0.0350461166728075, 0.0247762357534198, 
0.0115124354747981, -0.00630556924478086, -0.023499754524448, 
-0.270649948793471, -0.262578581474004, -0.115908697580853, -0.0657488026799355, 
0.0682976949280573, 0.0716775974842534, -0.0180552717953483, 
-0.0639084296401682, -0.0551587446649689, -0.0505649469728384, 
-0.0435628725870189, -0.0360748338321278, -0.0299162204667908, 
-0.0259531634586274, -0.0107196957337793, 0.00268460438658719, 
0.0100039707248793, 0.0224013650534854, 0.0318954910004141, 0.0380361469621192, 
0.0449243055038181, 0.0582639902523054, 0.0525439691441824, 0.0573596573105514, 
0.0790737998131465, 0.0893453751579319, 0.088773890123678, 0.106285661788898, 
0.145597234096892, 0.130229310990657, 0.12312741860724, 0.109058251013904, 
0.102220304664805, 0.0919970439697787, 0.0771802952983432, 0.0700900806085579, 
0.070968855507284, 0.0720327398915951, 0.0754714479442038, 0.0828940727553582, 
0.0914618374048956, 0.102874458353679, 0.112816538201444, 0.123888869989906, 
0.111243684500511, 0.0871961125722728, 0.0895327308000137, 0.0645466842159502, 
0.0102702653250381, 0.0419365573450982, 0.0356222662292259, 0.0069402034276734, 
0.022103431763053, -0.0109103288506503, -0.041356657538214, -0.0731018470124039, 
-0.104933532450307, -0.136810000340892, -0.168498906701485, -0.201442647981337, 
-0.233988235702647, -0.262309048151598, -0.283416045379288, -0.307300755322938, 
0.000145095968228402, -0.0095268067773644, -0.0260120193855381, 
-0.0237315257144505, -0.0605565998331257, 0.00529030720655658, 
0.0561557226017503, -0.023665565207094, -0.0261897695855327, 
-0.0288029913086272, -0.0374791341271758, -0.0480361959256094, 
-0.0564804252428796, -0.0724490589436561, -0.0855206062655168, 
-0.0848624769650946, -0.0799552654252254, -0.074089722917003, 
-0.0726605203394425, -0.0713373405301078, -0.0699260032961624, 
-0.066879900767843, -0.0364796405312483, -0.0537397761075351, 
-0.0554117309279838, -0.0534392610196863, -0.0517994920197496, 
-0.0604548967746421, -0.0510764443224587, -0.0186005658897147, 
-0.0282249100054881, -0.0237979286248406, -0.016857414799449, 
-0.0167845021334769, -0.009248959899283, 0.00529464043217314, 
0.02181890881249, 0.0240502990925521, 0.0347811798445373, 0.0425705564060311, 
0.0524511584732734, 0.0492449296635852, 0.047227824052001, 0.0649723116316634, 
0.0888224923650552, 0.096919594870203, 0.0946939408771011, 0.119996852966122, 
0.0722709679064895, 0.0592558733354324, 0.0506115418257238, 0.0749090849722176, 
0.0615627523729376, 0.0557903732122649, 0.0523496309882168, 0.0518555902228108, 
0.0525772324315077, 0.0508478555186332, 0.0481142667321355, 0.044898461736099, 
0.033853207393363, 0.0172624150380147, -0.00403504272247543, 
-0.0324825746136898, -0.328901075028733, -0.322218247893849, 
-0.153128258393166, -0.0970468620550933, 0.0612288695455723, 
0.0758348262607964, 0.0423026028075797, -0.0607182565122097, 
-0.0454046853676141, -0.0382531719508991, -0.0308062193788616, 
-0.0222341736827495, -0.0137931212701379, -0.00318753348431916, 
0.00724396902101857, 0.0156570695018039, 0.0202709671092844, 
0.0270071590101019, 0.0286352910924061, 0.0408670074154532, 0.0509671079713633, 
0.05445842464396, 0.049036678678376, 0.0599036459720514, 0.070494542351667, 
0.0811313501394591, 0.0896440920678348, 0.102852831475531, 0.110819790227572, 
0.118680631911692, 0.118551101307371, 0.111237503217055, 0.101188876123615, 
0.0907292580659188, 0.0820295957343723, 0.0757373896474168, 0.0726083205717964, 
0.0773609489496496, 0.0836345945893148, 0.0891978738655221, 0.099253642810964, 
0.107189270829947, 0.108990941317967, 0.102644578239895, 0.0925298351676081, 
0.0825642349235134, 0.0743329001233807, 0.0673765051308184, 0.0593433144107385, 
0.0480610087563443, 0.0369485625544689, 0.0275845517146599, 0.0213190215227393, 
-0.0106281415041075, -0.0405679080803677, -0.0727545242313585, 
-0.104432117702532, -0.135405106360164, -0.166102342618262, -0.197092091778971, 
-0.228138598916926, -0.259519302259428, -0.290064923915856, -0.317054024392995, 
-0.0173575850296893, -0.0193284379980621, -0.00647675067173915, 
-0.000821914542216689, -0.0363019726230105, 0.0134649398147034, 
0.045343013433, 0.00513505575627712, -0.00216732580768016, -0.0141130274081385, 
-0.0245845301819696, -0.0325959583738945, -0.0392656811853023, 
-0.0469043895565502, -0.0572052705737836, -0.0667016547508487, 
-0.0699152424759269, -0.0730398646224231, -0.0744697811920616, 
-0.073830422487517, -0.0574699384393441, -0.0449346038417092, 
-0.0391296818597651, -0.0344746750251075, -0.0326643368718002, 
-0.0334318524144709, -0.0328425872340684, -0.0335148184893207, 
-0.036316857854919, -0.0313064277982193, -0.0237671508176284, 
-0.019456667570333, -0.0164871369967967, -0.011742630884377, 
-0.00395609820692228, 0.00598102592061909, 0.0144904594708537, 
0.0179407501342005, 0.0254907194663754, 0.0310892108831876, 0.035840620718532, 
0.0436911323607009, 0.0516421661765066, 0.0591501589006709, 0.0612300927458448, 
0.0612932707033138, 0.0598465575114565, 0.0572027627705435, 0.0511043504353452, 
0.0462304542384179, 0.0454324030555067, 0.044816297427142, 0.0506979122301592, 
0.0505147659252204, 0.0428408939044951, 0.0400560488744529, 0.037550364601905, 
0.0339656119201102, 0.0286952490232765, 0.0229137083224807, 0.016535014784893, 
0.0103662488519435, 0.00465383933062054, -0.00862982590715869, 
-0.334515540371789, -0.321419895706681, -0.150079009177178, -0.0486932989644442, 
0.0554249212641611, 0.0622120440657219, 0.0355496861342451, -0.0617767738669365, 
-0.0458399050924504, -0.0276795371631547, -0.0167666897999073, 
-0.0111359766603414, -0.00465761781754628, 0.00217029037622013, 
0.00923067566902386, 0.0135621957975416, 0.0136008164965292, 
0.0282357841583564, 0.041559020748619, 0.0425589358845009, 0.0454085343880581, 
0.050166992231883, 0.0497470482119781, 0.0601061613122078, 0.0726800191675734, 
0.0844340583645874, 0.0934270202269557, 0.103625543025911, 0.111823391241661, 
0.119422346456938, 0.11855580044218, 0.112460750593014, 0.1009749528692, 
0.088888078249493, 0.0785987717233677, 0.0687597630572911, 0.0628433528685383, 
0.0648546215315503, 0.0722591822962518, 0.0813124395700753, 0.0911370375344603, 
0.101313850095538, 0.105057146841057, 0.101463791914871, 0.0919812342053102, 
0.0822097562919297, 0.0737584664869143, 0.0662840807571608, 0.0592375939319325, 
0.050716180829728, 0.0401426847815684, 0.02962135069581, 0.0199559702330703, 
-0.0114377415685894, -0.0423387194755499, -0.0734376627058228, 
-0.104653124829683, -0.135804760662147, -0.167167596041821, -0.198420835856124, 
-0.229474876382401, -0.259909101201925, -0.291628702262503, -0.320494977415989, 
-0.0213119074968519, -0.0249408720554253, -0.00634817789962875, 
-0.00224153293044992, -0.0318550086387449, 0.0160063778079006, 
0.0388362684959912, -0.00347797843605845, 0.00192822556746914, 
-0.00479264946198286, -0.0206154220954662, -0.0333260346576341, 
-0.0438229233723978, -0.0557253985907345, -0.0688983226888157, 
-0.0822022436376506, -0.0883183904500108, -0.0942424594391362, 
-0.0788664381372283, -0.0639270523473882, -0.0538180265960142, 
-0.0427190030379556, -0.033924311423671, -0.0294187089834146, 
-0.0280861266388849, -0.0307791747038486, -0.0360142543102344, 
-0.0354472171780542, -0.034144468468552, -0.0289945972865636, 
-0.0223796542037225, -0.021148710434315, -0.0205599794983297, 
-0.0157659746875863, -0.00874333190471502, 0.00026550394933842, 
0.0122193461401595, 0.0263964112413106, 0.0360110148920269, 0.0427284027029325, 
0.0474024331570522, 0.0480079748257147, 0.0518592118358981, 0.0584487816329207, 
0.0625912864105012, 0.0601176986300316, 0.0574119446884963, 0.0546881640931667, 
0.0505504350588311, 0.0452441452435729, 0.0404130289507182, 0.0374476377007796, 
0.0398358875689847, 0.0412872021212614, 0.0473172836024605, 0.0490452500260089, 
0.0460477970526226, 0.0409331925030826, 0.0360889288005374, 0.0315075426578984, 
0.0252182801599142, 0.0179058406178178, 0.0104061669067321, -0.00731131335066652, 
-0.33374701120089, -0.323950463119042, -0.152688526482022, -0.0486457476974985, 
0.054271245790138, 0.0645435051078987, 0.0342562467369495, -0.0604279322744279, 
-0.0412430349150674, -0.0260468918589542, -0.0180185326804604, 
-0.012105338465451, -0.00582538743744544, 0.000992456303362883, 
0.00653527409908823, 0.00988902794211125, 0.0124962439909783, 
0.0288778771606044, 0.0352055509563008, 0.0384669707146741, 0.042224860164238, 
0.0469983771013751, 0.0492670337409658, 0.0604977164529518, 0.0731918168291085, 
0.0847994446530049, 0.0938310472738392, 0.103896131975098, 0.112094408803732, 
0.118224385051189, 0.118263048878769, 0.112919626401195, 0.102522265212001, 
0.0905271357327248, 0.0794827367409598, 0.0695526424935091, 0.0656118760260473, 
0.067930529459573, 0.0748676617361376, 0.0835895667101934, 0.0922930148270867, 
0.103967689693518, 0.109270195531606, 0.100249478791105, 0.0929240730640268, 
0.0846121240648543, 0.0759730702130239, 0.0681266059872608, 0.0594195183950602, 
0.0500407199323839, 0.0397173444162729, 0.0308494478319613, 0.0197863137490936, 
-0.0119681030813192, -0.0429533752340703, -0.073839553468343, 
-0.105247978572245, -0.136608677371443, -0.16776743304819, -0.19885565436553, 
-0.229761015943809, -0.260271125465313, -0.291759117217239, -0.321325406837212, 
-0.0222319875344303, -0.0263792738733385, -0.00314569927433891, 
0.00293691291178251, -0.0289729365527479, 0.0209105560415863, 
0.036744284696837, 0.0057163159785998, 0.0045987486881793, -0.00719267000775473, 
-0.0219724823959569, -0.0338261128480054, -0.0450805701040389, 
-0.0574727740790354, -0.0707128507565797, -0.0820214178993143, 
-0.0918854322737524, -0.0896054725173992, -0.0753805920770214, 
-0.0636051475780423, -0.0522663443541847, -0.0411955131734959, 
-0.0306003048045585, -0.0269304031322733, -0.0267487382622266, 
-0.0292957996317527, -0.0335227682362842, -0.0336641620713533, 
-0.0318632347857223, -0.028000242353141, -0.0223962318807309, 
-0.0164523606052245, -0.0171198371603422, -0.0140992862146058, 
-0.00745637296012628, 0.00228644231674651, 0.0148786798550921, 
0.0265529363268988, 0.0345552910821316, 0.0392823373510804, 0.0421175356372995, 
0.0424127161189337, 0.0524911895880257, 0.0595702489450382, 0.0589366760113568, 
0.0562972188335596, 0.0537707429479898, 0.0506694000499416, 0.0463887207178193, 
0.0425469224948987, 0.038953205810311, 0.036748424708803, 0.0375992410473052, 
0.039122747041635, 0.0453067342773987, 0.0474223812163524, 0.0453082887964239, 
0.0414173266059115, 0.0360819351315432, 0.0300539672719741, 0.02313404409305, 
0.0156188352966404, 0.00860006077623433, -0.00793404926960121, 
-0.329835566904529, -0.32266444774788, -0.150475307931189, -0.0567267621481568, 
0.0549357187317923, 0.0739079122785691, 0.038342185426414, -0.0570225597413691, 
-0.0432370531761863, -0.0346232482744567, -0.0295339090582336, 
-0.024555648680486, -0.0177096539309525, -0.0105312711837889, 
-0.00382160259566043, 0.0028302040045791, 0.0136811558770413, 
0.0260520802506894, 0.0347300794185657, 0.039586359188912, 0.0426168374558821, 
0.0462483363384397, 0.0460015320162857, 0.0578340348084936, 0.0722689422528115, 
0.0858673103938622, 0.0977792307189687, 0.106006154167546, 0.113226719766472, 
0.117717017358617, 0.117597264181245, 0.114526870986091, 0.105623231076258, 
0.0960107702863366, 0.0871725059614347, 0.0788289599515241, 0.0722475106496337, 
0.0741043710757115, 0.0788611966230191, 0.0856286031702313, 0.0956930357919999, 
0.106216876299675, 0.105684716998885, 0.0992771275465741, 0.0902179620534477, 
0.0807149080529155, 0.0738200441814668, 0.0706147207394119, 0.0640238726815179, 
0.0533038004437584, 0.0401935916692564, 0.0253611701050707, 0.0201500202937268, 
-0.0113017355005113, -0.0416953282060786, -0.0727776877934171, 
-0.104282323907081, -0.135437195477025, -0.166455409664295, -0.197354100942148, 
-0.228249008167616, -0.258817321800877, -0.290418382900963, -0.317979415540231, 
-0.0217079562625666, -0.0245499871470429, -0.00743507624114156, 
-0.00164255890099578, -0.0254507432899827, 0.0150074747285541, 
0.0361079219984805, -0.000362008236201045, -0.00443696125325971, 
-0.015881238293522, -0.0284873446354626, -0.0406667995728316, 
-0.0518095103230661, -0.0628570508020922, -0.073921653994936, 
-0.0840615621955597, -0.0895336199817291, -0.0854638921339767, 
-0.0753889380213805, -0.0637278546669702, -0.051899937672808, 
-0.0402342897364831, -0.0303912022699627, -0.0228332929539065, 
-0.0200958270266423, -0.0212437681742448, -0.0247444651245992, 
-0.0291864932264504, -0.028268192963047, -0.0267924405284482, 
-0.0213107476872486, -0.0142695939054224, -0.00815002003434798, 
-0.00349277152786592, 0.00187703530771312, 0.00779431186482354, 
0.0155315019550666, 0.0221234125502882, 0.0306828126751098, 0.0358482363960582, 
0.0380820287984099, 0.0430324154768659, 0.0505531121605625, 0.0519224190526552, 
0.0535787944260914, 0.0553772677584641, 0.0548039522318141, 0.0530570712617864, 
0.0470756781542289, 0.0403759383406078, 0.0359580957805959, 0.0373533765292548, 
0.0366738930238027, 0.0403772467427539, 0.0478808213203623, 0.0505182289133491, 
0.0490247772854146, 0.0432889926338832, 0.0370392808596669, 0.0304126282906336, 
0.0238118803801219, 0.0165367081079764, 0.00856038655641692, 
-0.00996990277761824, -0.317431720831533, -0.307942007431158, 
-0.159354509693495, -0.0585675636511112, 0.0540170448882206, 
0.0644264539901469, 0.0366885701033274, -0.0575734723652391, 
-0.0408432863499889, -0.0311992445324171, -0.0267089408678638, 
-0.0219820834785389, -0.0169490052414447, -0.011963724598166, 
-0.00817268449052897, -0.00427908672995586, 0.0148767811089819, 
0.0334963049780166, 0.0355770201118432, 0.0383498398016297, 0.0434562549743771, 
0.048204995166202, 0.0498930825014659, 0.0611833247535152, 0.0731823788702282, 
0.0846171240026495, 0.09489552285462, 0.104008361861111, 0.113332839139719, 
0.119426355263411, 0.118159108104912, 0.112555055129512, 0.103742915189673, 
0.0939434277700059, 0.0837829639976273, 0.0740493866523931, 0.0664835984815972, 
0.0664405455708561, 0.0743451779068325, 0.0834389213526199, 0.092844267684605, 
0.102417473255218, 0.108104844118556, 0.104415976470711, 0.0937022923034637, 
0.0830756199029993, 0.0735615087594631, 0.067378619954915, 0.0594406688385118, 
0.0491978298740994, 0.0391310430805536, 0.0286964528382393, 0.021920322916691, 
-0.00901271511624055, -0.0396119744350919, -0.0716014996137582, 
-0.104043731209135, -0.135826456622011, -0.167068368833897, -0.197727054102648, 
-0.2276438007741, -0.2572736125664, -0.286806923229899, -0.310876807758901, 
-0.0274528576711815, -0.0317516114023362, -0.00358073334634882, 
0.000149303582672151, -0.0340020287331898, 0.0176787665164954, 
0.0438412506797517, 0.00159425655562306, -0.000928177343993826, 
-0.0147739703076421, -0.0280679646602759, -0.0401761413171802, 
-0.0522387219917337, -0.0643000942106505, -0.0764152006834228, 
-0.0918832227935586, -0.10616557318024, -0.0907772547961037, 
-0.0753872326403665, -0.0646473196176583, -0.0538459817315401, 
-0.0425108594430573, -0.0347037223676814, -0.0303751802331131, 
-0.0296883978688243, -0.0307225427773087, -0.033565955008993, 
-0.0351641072516481, -0.0329057478688887, -0.0307153189672574, 
-0.0244722170160582, -0.018872679446826, -0.0144316994426894, 
-0.0105956800866783, -0.0062964356455912, 0.000565788963438466, 
0.0105011792718503, 0.0260188619107854, 0.0349392216223526, 0.040478985597906, 
0.0457377504612883, 0.0468252294398679, 0.0494065134299891, 0.0585073033840774, 
0.0632654546605742, 0.0651088408380338, 0.063667821597303, 0.0595186461335772, 
0.0520411065517546, 0.0475764307373823, 0.0450738067111843, 0.0426366613618736, 
0.0449709869081726, 0.0468370358025187, 0.0540629385259276, 0.0574956821846822, 
0.0562891544089771, 0.050991864381075, 0.0442121392239824, 0.0355757815613218, 
0.0253491016698001, 0.0145921188860287, 0.00310490642467873, 
-0.0172002601329082, -0.32959336493338, -0.321322923270488, -0.1444964291257, 
-0.0549615141638243, 0.0543664959726421, 0.0703475397581979, 
0.0335025245368937, -0.058767334872112, -0.0431497440949854, 
-0.0328045126573764, -0.0270122373636605, -0.0215183596414706, 
-0.0156414068390048, -0.00932791005275745, -0.00329325141620317, 
0.00366510475992394, 0.0118156663834403, 0.0288492436058231, 
0.0383937736812449, 0.0429203134090596, 0.0454213111612493, 0.0478930992572158, 
0.0458929843052003, 0.0575329876524978, 0.0713629468057979, 0.0852658363637782, 
0.0981238748435162, 0.10691801858961, 0.113394218612482, 0.116505748273573, 
0.11838126161184, 0.112389104721438, 0.105787839926031, 0.095347463135878, 
0.0857699568974245, 0.0773361272049221, 0.0710035744160712, 0.0721543232587488, 
0.0783934237219603, 0.08552390209805, 0.0975395291214285, 0.105380898630667, 
0.104794447363001, 0.0971470854732087, 0.08903727822477, 0.0820287472206178, 
0.0753470542018171, 0.0699358914500281, 0.0619301808126482, 0.051623166801172, 
0.0405097511270884, 0.0295256916410742, 0.0191570960671534, -0.0121834729529047, 
-0.0426685619472099, -0.0735695132231824, -0.105087276876634, 
-0.136413787095806, -0.167616153864559, -0.198639457724805, -0.229519113155514, 
-0.259911246586208, -0.291526134056413, -0.319191777184985, -0.0215692156089823, 
-0.0242669124295211, -0.00803738892756563, -0.0026092884185977, 
-0.026072923212152, 0.0191691743208384, 0.0352481271648047, -0.000393344910790942, 
-0.00255583541261566, -0.0143394387833871, -0.0269939779548537, 
-0.0388724921490829, -0.0503896800050312, -0.061929188499649, 
-0.0743659836432902, -0.0839739031139807, -0.0913284339555541, 
-0.0903850879813167, -0.0758456303552484, -0.0634938924785146, 
-0.0513534052441653, -0.0400084194656442, -0.0302442680810567, 
-0.023122638696407, -0.0201573726174532, -0.0208760106631072, 
-0.0252567339154619, -0.0312692802844234, -0.03264836790361, 
-0.0275248572599628, -0.0199180878776569, -0.0148192668755082, 
-0.00725383843236218, -0.0023954721706004, 0.0015225628569902, 
0.00729620438397838, 0.0158557536140943, 0.0241171259023228, 
0.0301790440840542, 0.0330783573004974, 0.0362528316002609, 0.0448353255530214, 
0.0493396961368009, 0.0531381700529359, 0.0552298156418094, 0.0553348112049147, 
0.0539762889900613, 0.0519254201552283, 0.0461340180299826, 0.0408070537888872, 
0.0368476908500097, 0.0342090551233436, 0.0362692937232223, 0.0397394881121816, 
0.0470687862855252, 0.0507381844894802, 0.0494396341548954, 0.0447100475771637, 
0.0392344919647807, 0.0327189974815878, 0.0252738540704759, 0.0169732105987918, 
0.00819669775269211, -0.0105885756380795, -0.299576663011961, 
-0.288476245445566, -0.160945281516249, -0.0690323626204471, 
0.0476333572318021, 0.0767486807031042, 0.0228243213874404, -0.0550435412823246, 
-0.043408194164231, -0.038500308674351, -0.0340139142182223, 
-0.0295361464549982, -0.0251067523350761, -0.0208438351610792, 
-0.0190878375790591, -0.0161943426309947, 0.0131263135007389, 
0.0514538351859096, 0.0484184962602343, 0.0369729619268284, 0.0405580415554912, 
0.0474149651514481, 0.0536706377868321, 0.0626166349760004, 0.0733278389416404, 
0.0843709960186326, 0.0942606502006848, 0.104622953940297, 0.112691955500599, 
0.115643872824073, 0.116553556031933, 0.112290237209775, 0.103750830079813, 
0.0948686081354032, 0.0874319981565297, 0.0808602825508531, 0.0781692240004119, 
0.0737190239183134, 0.0743834554159275, 0.0832056296916866, 0.0944182752737334, 
0.105185858644734, 0.108119409159628, 0.102738610917431, 0.0940396109768468, 
0.0840544083460179, 0.073308706785066, 0.0627248525316679, 0.0533736933118471, 
0.045157006374127, 0.0365141380214573, 0.0266386075861724, 0.0220194792648395, 
-0.00860864927272032, -0.0391875858884315, -0.071021264388696, 
-0.104504463693745, -0.137604000787711, -0.169085549206783, -0.199191934047845, 
-0.228952955545513, -0.257196335386045, -0.282460276059992, -0.302303576103928, 
-0.0246610068220873, -0.0286122959510787, -0.0035316157409544, 
0.00384611822659827, -0.0457075327876135, 0.027895402829798, 
0.0521433949249436, 0.000188372422428994, -0.00730771449398903, 
-0.0188978119306759, -0.0312559342555739, -0.0436464131042534, 
-0.0559988879780042, -0.0675666506397973, -0.0790560102536213, 
-0.100925922924371, -0.12065760526835, -0.104307861611181, -0.0709618288019756, 
-0.063684340029116, -0.052835750055485, -0.0422322546179335, 
-0.0404797940345888, -0.0361570088703501, -0.034284245362051, 
-0.0352748590109554, -0.0385415510648663, -0.0397888389670245, 
-0.0350755959148951, -0.0296195830384581, -0.025187123013873, 
-0.0195139915359705, -0.0147116626895422, -0.00882533217278061, 
-0.00167258049457471, 0.00622480168484304, 0.0155224865461767, 
0.0203635088286577, 0.0322321717085546, 0.0409905650918696, 0.0409642164576974, 
0.042600693699569, 0.0501601999349503, 0.0573953676386176, 0.0626431685798243, 
0.0662642216133147, 0.0676810043247048, 0.0661495333716356, 0.0627971389386586, 
0.0586360151639517, 0.0552882275538305, 0.0531856563710259, 0.0521510330557854, 
0.0517300100230524, 0.0567541174109453, 0.0619554372971378, 0.0621911093800702, 
0.0570247955834954, 0.0482636044335537, 0.0376911046821184, 0.0265640317338284, 
0.0128824087129174, -0.00389397428982387, -0.0255063404987395, 
-0.327764812762073, -0.300965500885362, -0.157161146465527, -0.0615397473796746, 
0.0547406879328967, 0.0710808762348176, 0.0440115177082362, -0.0580411861292197, 
-0.044207969911314, -0.0360489766616042, -0.0328426243710099, 
-0.0305993834375903, -0.0263918820393116, -0.0197932700374652, 
-0.0105632990525149, 0.000289512145899098, 0.0142122215464162, 
0.0287839527814243, 0.0368744815435713, 0.0392236388132971, 0.0388785508806354, 
0.0433371036845667, 0.0452454376622043, 0.0569134417304414, 0.0753167713589592, 
0.0899496892704455, 0.09881203359891, 0.104150670803827, 0.113961784158202, 
0.116735867452729, 0.11966588848114, 0.115492931250922, 0.106260627533138, 
0.0949804203982674, 0.0853461065528842, 0.076576491242907, 0.0716415458467384, 
0.0720152867157859, 0.078157056652688, 0.0867375185207093, 0.0947691112679134, 
0.107446867284953, 0.11270950939129, 0.104596619880063, 0.0931414174315903, 
0.0830486677383485, 0.0747475693452374, 0.0666949527148325, 0.0594324324934817, 
0.0509906687657622, 0.0404265206833335, 0.0299114218157773, 0.0216298790882719, 
-0.00927761543712559, -0.0403240881477188, -0.0719701638158205, 
-0.103042206007026, -0.133974612825686, -0.164868304697191, -0.195796260678491, 
-0.227139580532258, -0.258206177793026, -0.290967568440301, -0.317451372896204, 
-0.0246689798357778, -0.0281875672929624, -0.0126503880798667, 
-0.00498216068891399, -0.0219858725676464, 0.0207179460252836, 
0.0435778953868268, -0.00345836617895955, -0.00496850770949295, 
-0.0155403692485252, -0.0287881315075081, -0.0415451924876107, 
-0.0548856983151548, -0.0682570059342637, -0.0793090398699632, 
-0.089459309492139, -0.0919571532525615, -0.086935843776761, 
-0.074830113619385, -0.062510401956293, -0.0505791993249607, 
-0.0383532609520404, -0.0295217974725729, -0.0194454860063975, 
-0.0175014662110334, -0.023260603231268, -0.0315836841576993, 
-0.0376106137601265, -0.0354141501139439, -0.0268191568734518, 
-0.0212377555345791, -0.0140850940833101, -0.00675384940022891, 
-0.00611777487376466, -0.00254984825160487, 0.00524616048917487, 
0.0159972924487451, 0.0237504652329702, 0.0316138533041631, 0.035950490593996, 
0.0368258044078277, 0.0398391952696609, 0.0513466158221998, 0.0600048262870919, 
0.0562836089459525, 0.0567184890310448, 0.0556486011125643, 0.0534993920275935, 
0.0502381990685645, 0.0458670867942692, 0.0420858734367085, 0.0401215444195567, 
0.044651447702597, 0.0476428602151555, 0.0530105100071266, 0.0522814914099609, 
0.0473725247635446, 0.0410456589564374, 0.0345698627598335, 0.027575420018817, 
0.0226481334467784, 0.0187710489370749, 0.0113723461073645, -0.0105208023681178, 
-0.331053758889619, -0.317535678347524, -0.137815329876082, -0.0408904696204587, 
0.0225586010004208, 0.0843164465971381, 0.0395870290304458, -0.0636520000744215, 
-0.0482051627700064, -0.0339578992017197, -0.0245323842476485, 
-0.0164474096732017, -0.00984376082584141, -0.0055740101140443, 
-0.00586628177996396, -0.000979241013827174, 0.027107162403597, 
0.0176212068450198, 0.00713091059711974, 0.0106398610563509, 
0.0200962934740706, 0.0379176946253136, 0.0520570466843206, 0.0557435086132475, 
0.0693772772449611, 0.0845470803840028, 0.0933201187938086, 0.102684038507305, 
0.111992959001096, 0.124792039304307, 0.129543426502872, 0.121414228832344, 
0.10513449093253, 0.093877024481267, 0.0842771519349211, 0.082632234959982, 
0.0777295442011017, 0.0851723950437082, 0.0884895467597036, 0.0933816765827489, 
0.0980534187559909, 0.106956767377358, 0.11609709753344, 0.104110941022506, 
0.0936111828693465, 0.0835747542601013, 0.0748419530167272, 0.0648911218984534, 
0.0595381780310075, 0.0542104438672968, 0.0382840805508105, 0.0240029560780984, 
0.0208012255984587, -0.0104823668309071, -0.0416942575126166, 
-0.0738845112368545, -0.105643427070404, -0.136956994676278, 
-0.168401148998526, -0.199869525478201, -0.230545577351879, -0.260194951786422, 
-0.287403179730018, -0.310685788146834, -0.0440842234963458, 
-0.0442675107991009, -0.0161826170238726, -0.0122893750399472, 
-0.0292372847029109, 0.0114061948758293, 0.0429218371692962, 
-0.00620720187486829, -0.00287922294537092, -0.00864629793727598, 
-0.0217485074918825, -0.0335706453710727, -0.0471758450752748, 
-0.0644516533962714, -0.0708969014116187, -0.0775950562270547, 
-0.0774450018443752, -0.0867931189322169, -0.0411971730720008, 
-0.0390489396435248, -0.0299157460810176, -0.0204425693717593, 
-0.0335027969496675, -0.0422770683421092, -0.0502300532082356, 
-0.0452720423264321, -0.0419082909946857, -0.0390139372923214, 
-0.042407567530019, -0.0407448965437917, -0.025598794766801, 
-0.0106633103839936, -0.00433457433381325, -0.00800145210756436, 
-0.00362034013927042, 0.00698367340715525, 0.0137823868353618, 
0.0165115837673228, 0.0234771024250904, 0.0302194713616408, 0.0352453733241905, 
0.0390451783796804, 0.0506391931166822, 0.0599625714812213, 0.0627172926862041, 
0.0629666442674993, 0.0599467464551379, 0.0577490507498558, 0.0559176996486414, 
0.0464850619859249, 0.039273218401994, 0.0469528747661905, 0.0444328882166267, 
0.0480040368575751, 0.0545291389874765, 0.0562890901958829, 0.0520933304493326, 
0.0457811960975666, 0.039032114916675, 0.03344988353128, 0.0254624828498383, 
0.0153493465947205, 0.00147833481338477, -0.0164549819588108, 
-0.303343795371816, -0.282003383444079, -0.174254572852853, -0.0717359078589594, 
0.0555191456375212, 0.0776998216123644, 0.0235062693865138, -0.0570937741815796, 
-0.047699747535894, -0.0415451364372727, -0.0350887025132831, 
-0.0281476050694298, -0.022126386852957, -0.0166039966141814, 
-0.0127028479048812, -0.00900379174731753, 0.0135772186783563, 
0.0383996768626602, 0.0456660405184539, 0.0456491629080413, 0.0470446911720068, 
0.0517429752057154, 0.0519647515804735, 0.0590486960908816, 0.0695185330620741, 
0.0827811105152416, 0.0955284748114865, 0.104705470623303, 0.111961518787441, 
0.115946705549974, 0.117469856265009, 0.115479390621, 0.112591252604684, 
0.100830584750816, 0.0907150180124144, 0.0823893562742058, 0.0767369791000845, 
0.0760011368077013, 0.0787148558801053, 0.0841139860644295, 0.0940768991702414, 
0.10183871419308, 0.106981969002433, 0.100487850964032, 0.0923123678078413, 
0.0831533430078626, 0.0749881833524979, 0.0658053403340886, 0.0568358453503593, 
0.0481459272038168, 0.0380122877609275, 0.027345865811817, 0.0202249466500851, 
-0.0109784603602546, -0.0415775082118642, -0.0727541269433032, 
-0.105131539904841, -0.137216095962319, -0.168919289795558, -0.200604461943211, 
-0.232388364371283, -0.264163892654452, -0.292255438856416, -0.308173392604034, 
-0.0227098932079783, -0.0277104627051117, -0.00974425486185035, 
0.00099335727349253, -0.0370147327172826, 0.0203973551965171, 
0.0410372979222269, -0.00196970033581255, -0.00898277183481098, 
-0.0196881274972129, -0.0319879174672186, -0.0432509319327626, 
-0.0548822472555117, -0.0664572699650879, -0.0778224784489596, 
-0.0974693861050915, -0.109365939703157, -0.0984447805584581, 
-0.0780976252550118, -0.0636098057594297, -0.0540395667883718, 
-0.0441542409552635, -0.0380379979567654, -0.0318305388100031, 
-0.0262671698665267, -0.0239652559083195, -0.0258336515366676, 
-0.0286325982809257, -0.0279540937712005, -0.0262342986927304, 
-0.0218908103380685, -0.015307497745705, -0.00481336879686199, 
0.00384605035993164, 0.00902773683637892, 0.013746964340398, 
0.0183739084507141, 0.0220336613273672, 0.0300218829147606, 0.0368368695900264, 
0.0411937392277289, 0.0428930894230543, 0.0511734078394386, 0.0579338752426471, 
0.0582972564619864, 0.0570868527310021, 0.0543740184277573, 0.0513384723570587, 
0.0482821319059046, 0.0452170544819022, 0.0424955984831792, 0.0411461189901427, 
0.0408370402073464, 0.0432017061491165, 0.0502367464840437, 0.0560588333595275, 
0.0562024605667881, 0.0531038968252938, 0.048712119518952, 0.0429877878599968, 
0.0349724139892922, 0.023035590229904, 0.00366367563142528, -0.022589555547144, 
-0.311323495787001, -0.303245948622047, -0.151887636295469, -0.0759159600910252, 
0.0529863410821751, 0.0765576137225072, 0.0360292009933611, -0.0547866347491044, 
-0.0405167932085256, -0.035633592116334, -0.0320303185094821, 
-0.027832849277305, -0.0233690301084294, -0.0179647422899419, 
-0.0137678896135973, -0.00802037298702381, 0.0114755799489591, 
0.0344844484421935, 0.0476245284688416, 0.0441260271856763, 0.0440555679118037, 
0.0495993823117807, 0.0529202002928153, 0.0616197293220978, 0.0726562328779847, 
0.0840296596289686, 0.0943964389070309, 0.104383526057198, 0.110666813381079, 
0.11428107697413, 0.115912265906416, 0.11072430614723, 0.102575977207957, 
0.0947754542117244, 0.0878086747569009, 0.0823398795064991, 0.0792055682497439, 
0.0731696537658876, 0.0767369984339272, 0.0865548643219599, 0.0946764382061017, 
0.104481239547566, 0.107036610049975, 0.0971040081885639, 0.0900677766008462, 
0.0816709005537862, 0.0725573875144792, 0.0642339615047124, 0.0559411217811194, 
0.0475210665213038, 0.0378907051680357, 0.028402866314528, 0.0216815723162095, 
-0.00910774503445879, -0.0399524763822935, -0.0720246562948126, 
-0.105073345042178, -0.137499288922161, -0.168526132662966, -0.198589520673, 
-0.228532357718811, -0.257937978996747, -0.284979415372702, -0.306443483528661, 
-0.0302881957971819, -0.0326508667797445, -0.00140839567785921, 
0.00936784745103437, -0.0390832932347963, 0.0272112675362219, 
0.0491700029389928, 0.0066522068981435, -0.00256895033659193, 
-0.0161374790909382, -0.028954896326001, -0.0414184507770221, 
-0.0538751979021997, -0.0654983410910954, -0.0776231649414359, 
-0.0959622107159555, -0.105382136596788, -0.100601145018281, 
-0.0795572932598502, -0.0609777396696921, -0.0504189950193097, 
-0.0429966639530227, -0.0381647281455406, -0.0337013630549037, 
-0.0318733231690559, -0.0325135897236686, -0.0356404917310198, 
-0.035477766739021, -0.0316156404334176, -0.0286193275347319, 
-0.0246229245602345, -0.0202878355902399, -0.0136836207761127, 
-0.00701928371620495, 0.000268141327400658, 0.00829837901939603, 
0.0175624382309196, 0.0222068985396431, 0.0318244658394536, 0.0372105909958139, 
0.0403030253786906, 0.0438484669678974, 0.0490805111676573, 0.051509780520382, 
0.055844982634381, 0.058425188411758, 0.0591331454118255, 0.0578568668583207, 
0.0551602909451177, 0.0523058385661013, 0.049228565106253, 0.0476717690956227, 
0.0496594854038932, 0.0510211315895135, 0.0568281324560197, 0.0605279478788003, 
0.059841365596938, 0.0540579322307694, 0.0454095569248839, 0.0351843619565365, 
0.0249033143824844, 0.0135791864487229, -0.000978765350114029, 
-0.0215510079975577, -0.333639231534214, -0.328359726718093, 
-0.130950812602353, -0.0695007593796083, 0.0582535920668723, 
0.0843588460472755, 0.0410710937333945, -0.0572733451530325, 
-0.0409556053143459, -0.0326056744125614, -0.0282272830892884, 
-0.02287967296124, -0.0162739743980429, -0.00922373108546087, 
-0.00138949098229002, 0.00633181255231104, 0.014118108521978, 
0.0221797714355841, 0.0340470406865751, 0.0425741187358919, 0.0477458684004807, 
0.0508632972813069, 0.04743780228901, 0.0588816726755154, 0.0736494911393178, 
0.0838071007259845, 0.0933089530297855, 0.102648585653187, 0.112492320980496, 
0.113774711578025, 0.119821961119824, 0.11131828142458, 0.103701870435358, 
0.0952664694454228, 0.0876967505390468, 0.0837525140450629, 0.0786802829683176, 
0.0848363897435859, 0.0894440623115692, 0.0958389570706838, 0.0929223556184644, 
0.0935597508158555, 0.0994696052204603, 0.0952468281434325, 0.0879337565216769, 
0.0812864763816372, 0.0701027873234795, 0.0615603776593622, 0.0526685634552578, 
0.0441619074225012, 0.0354221421011964, 0.0259614458570298, 0.021181772016802, 
-0.00759595864141966, -0.0410517471283012, -0.0748892422238455, 
-0.107716252060078, -0.139343082278183, -0.169997096937394, -0.199437971821845, 
-0.229591744868419, -0.259043298816453, -0.286760696646391, -0.312673096120737, 
-0.0345519693023138, -0.0371683270807371, 0.000135897723258327, 
0.00619963536220283, -0.0256381501918972, 0.0124561495623474, 
0.0398296215938398, 0.00623382230984988, 0.000356941598364696, 
-0.0138920866248382, -0.0274383559632719, -0.039164768156816, 
-0.0498307603803553, -0.0604204156008724, -0.0702530298482412, 
-0.0770251921076693, -0.081588024847722, -0.0832507943824516, 
-0.0776852703108811, -0.0676831278710257, -0.0547303552641481, 
-0.0428045513253984, -0.0314332427437284, -0.024747444870203, 
-0.0253877702628738, -0.0291212624723791, -0.03067294159446, 
-0.0305659140686841, -0.0332191881466376, -0.0303831927221901, 
-0.0216627900347593, -0.0171498892163636, -0.0119343074513238, 
-0.00492307000255405, 0.00189768830582851, 0.00941033548698984, 
0.0192169894225149, 0.0168953701149693, 0.0246924155414309, 0.0364541860377293, 
0.0423968332641855, 0.0431830496799329, 0.051697877059971, 0.0468799038791657, 
0.0456809145620072, 0.0408963670118388, 0.0396855024317668, 0.0396261555280574, 
0.0393506004964472, 0.0393737302614026, 0.040183820489604, 0.0407125801808545, 
0.0487170033828475, 0.0600552038586834, 0.0658101759751173, 0.0660243747317573, 
0.0614146673666196, 0.0540839651319621, 0.0445028423804214, 0.0330797639831669, 
0.0238425228449806, 0.0124022023955189, -0.00170958560395316, 
-0.0173433315068852, -0.323910780399041, -0.303016615892378, 
-0.162197326489479, -0.0546957418786258, 0.0461674342389548, 
0.0758279557840041, 0.048648443406652, -0.0569159053494579, -0.0473055018426429, 
-0.0418723123085886, -0.0392626566214805, -0.0358171681331621, 
-0.0332320775395957, -0.0264460984390646, -0.0112720746502161, 
0.00240526943932563, 0.0105450035471728, 0.0196088613840818, 
0.0261459464899744, 0.0297229196320569, 0.0345264448895791, 0.0376022968475773, 
0.0466008902513685, 0.0588067376832942, 0.0741863788947561, 0.0907335809413658, 
0.102243456700283, 0.105633212757283, 0.114071007939048, 0.120215365811514, 
0.120646025459722, 0.1136750203304, 0.111109348730016, 0.0997437096829773, 
0.0889553388273057, 0.0817423533070178, 0.0763456137965755, 0.0740075517864238, 
0.0786958924564366, 0.0869267248744699, 0.0956666400425777, 0.105683770921462, 
0.11694433745545, 0.107293752171428, 0.094575900953004, 0.0853532589596643, 
0.0767333348323642, 0.06750052517113, 0.0601620261615636, 0.0527484030660294, 
0.0433395740058091, 0.0316706479817315, 0.0230041321163683, -0.00844089792757757, 
-0.0397073455503166, -0.070681803086407, -0.101585474317022, 
-0.132188538284656, -0.163416042668023, -0.19516171862062, -0.226427228814744, 
-0.257302204629, -0.288314402585699, -0.317045173700421, -0.0201036257769973, 
-0.0332432880889435, -0.0154126229104884, -0.0123102121479448, 
-0.0248080487334274, 0.0232239946151574, 0.0436512978559483, 
-0.0080616761604226, -0.0103019998537796, -0.0186228874198329, 
-0.0304058167566473, -0.0427801593177533, -0.0564976430208775, 
-0.0739189859902692, -0.086454075735687, -0.0862356633708146, 
-0.0823651946473342, -0.0767843141826266, -0.0705998373177218, 
-0.060517117523808, -0.0496645242955489, -0.0364886625229134, 
-0.0236666450128216, -0.0194513922889185, -0.0168951123321761, 
-0.0205500943002203, -0.0308042944649721, -0.0374800949681309, 
-0.0349564082135589, -0.0298985081010023, -0.0236748699978327, 
-0.0169876263759644, -0.00735439249867985, 0.000692786721183327, 
0.00321419645278915, 0.00818855799661103, 0.0163119159337437, 
0.0221385523761655, 0.0315333086217038, 0.0369602822757346, 0.0395227892434247, 
0.0402273288258089, 0.0484824547320742, 0.0645185340599175, 0.0605920865306011, 
0.0597419358787268, 0.0572363406337272, 0.0549041140125741, 0.0520959042798966, 
0.0475234600913306, 0.0423889134177573, 0.0372027355667625, 0.0440177626846908, 
0.0428410768936391, 0.0476070914343603, 0.0476290228730895, 0.0445576086148298, 
0.0383649404140668, 0.0312070195186985, 0.0265366232942778, 0.022435797936892, 
0.018217224343174, 0.0103741172480796, -0.00684398104932033, 
-0.311150105918204, -0.2820373529011, -0.158452330407501, -0.06291203098247, 
0.0525841689339217, 0.0788682902172037, 0.0293212476488042, -0.0577637387409832, 
-0.0473526184151148, -0.0424950230265317, -0.0400535855838166, 
-0.0376978798468511, -0.0343890645887665, -0.0294189306753013, 
-0.0170097291305605, 0.00027943515180558, 0.01409581212815, 0.0268524078500798, 
0.0328313787281067, 0.0352677528792543, 0.038261770911298, 0.0430562839939299, 
0.0484846877892539, 0.0605809237275088, 0.0759314778131333, 0.0891494608187564, 
0.0980701376685935, 0.106420839966944, 0.110530549658644, 0.110677947233651, 
0.114918939841776, 0.115495343183438, 0.110712676918592, 0.0977816172011259, 
0.0894292545417026, 0.0827122345389459, 0.0795504220285229, 0.0783250387171453, 
0.0813973229065058, 0.0872687881912111, 0.0956578994890565, 0.106681112050674, 
0.120535921329502, 0.103546003289027, 0.0949636468904441, 0.0853421887758553, 
0.0755105992512862, 0.065938286360692, 0.0572573583160415, 0.0486808926467376, 
0.0392333571494054, 0.029543089968025, 0.0230668762048515, -0.00799489842382604, 
-0.0395692710528379, -0.0719008967304094, -0.103759126790517, 
-0.135263819196112, -0.166586983040567, -0.19788725126286, -0.229366192810426, 
-0.260982707757417, -0.290990874302763, -0.309779031324667, -0.0257032626233272, 
-0.0378019258471143, -0.0158717183218737, -0.00582755662739931, 
-0.0288975505810695, 0.0207054048944214, 0.0471140673818421, 
-0.00538079224244776, -0.0105254100088563, -0.0196287487421252, 
-0.0310819018561118, -0.0439450289327868, -0.0575779250336453, 
-0.0738916733608308, -0.0914127991612093, -0.0963058957367058, 
-0.0952123198973246, -0.0877596353137661, -0.0742197094499475, 
-0.0627114849820814, -0.0511653851077915, -0.0382690236718177, 
-0.0294943405943312, -0.0232878302708481, -0.0225854588914985, 
-0.0265397366428708, -0.0323275644089502, -0.035214957151206, 
-0.033122893657654, -0.0264887950338453, -0.0196638530792652, 
-0.016807469425501, -0.00610208005256809, -0.00327278983960053, 
0.00103597934723474, 0.00755015240273952, 0.0165478341351594, 
0.0205315317037402, 0.0295438672417689, 0.0367327860260814, 0.0401414889362851, 
0.0390151292337163, 0.0519564479494885, 0.0586402900927805, 0.0585755100233238, 
0.0584375927808059, 0.0570796220510774, 0.0557232958612376, 0.053207079527032, 
0.0509605617026156, 0.0492034258953001, 0.0478155153593557, 0.0478057338728169, 
0.0513663781158687, 0.0562282908184135, 0.0565303235887377, 0.0524419995391804, 
0.0471138179386363, 0.0410577486462798, 0.0354288303922573, 0.0299705258016118, 
0.0217595506114721, 0.00663312113620719, -0.0187563864611168, 
-0.332171471008834, -0.325575000968119, -0.148056366265955, -0.0833052036836693, 
0.0634013842958305, 0.0740052608937067, 0.0429513728107465, -0.0595208996524047, 
-0.0447256134919795, -0.0359075202847457, -0.0289137346423204, 
-0.0203539710305606, -0.0112559587526142, -0.00180775363606936, 
0.00642683703868496, 0.013155443420216, 0.0196933151697841, 0.0239310810458086, 
0.0321974152436244, 0.0446870007812807, 0.0483809912452716, 0.0537191743763773, 
0.050563941659723, 0.0603910200129666, 0.0720421119396302, 0.0819863926373496, 
0.0928271559641977, 0.101522352772838, 0.111522198098772, 0.11857285592317, 
0.117703016650567, 0.11075467968607, 0.1010190265763, 0.0906357362241489, 
0.0813792577286964, 0.0755684086137632, 0.0739293774117328, 0.0751788734527311, 
0.0793412990153834, 0.0859042182204727, 0.0957912694721303, 0.104987065842867, 
0.104420039662722, 0.0997702010108948, 0.091275034254635, 0.0814709722142567, 
0.0737379792469891, 0.0667130626735223, 0.0580650615751294, 0.0485879287097308, 
0.0372367782615278, 0.028986083333346, 0.0210273247503366, -0.0106783989709103, 
-0.0416040163884851, -0.0732934172084635, -0.104959724461868, 
-0.136070883574944, -0.166825666971266, -0.197261918612579, -0.228032085409687, 
-0.258912211574319, -0.288998993629496, -0.317229189698643, -0.0196550606127203, 
-0.021730700810519, -0.00555610390849891, 0.000585161698246099, 
-0.0351422661889061, 0.0167099461385669, 0.0448110577794114, 
0.00315809155966035, -0.00240100897518955, -0.0136699510828904, 
-0.0245277662348972, -0.0327029548905786, -0.0417625028609782, 
-0.051942645375901, -0.0629830378550782, -0.0714662628143228, 
-0.0765181460333614, -0.079036172633242, -0.0790853688469608, 
-0.0691396164924804, -0.0546397010562519, -0.0464571904996318, 
-0.0370947672415216, -0.0328949545673103, -0.0316659974354589, 
-0.0353609723070649, -0.0361765021685297, -0.0323125519073866, 
-0.0299442797197482, -0.0287566007562347, -0.0237459072739037, 
-0.0196627873004415, -0.0157897026167023, -0.0109161973669738, 
-0.00336222167831462, 0.00668215865100217, 0.0172317355573078, 
0.0222713604026964, 0.0305211652897183, 0.0355015760286713, 0.0386905570893565, 
0.0443236551947901, 0.0513474186873228, 0.0531353233948692, 0.0534413934904739, 
0.0547522174996064, 0.0544216907347956, 0.0522214698545523, 0.0487000575934474, 
0.0453807680085743, 0.0429507620774692, 0.0434783090312215, 0.0494600897315155, 
0.0542445402062262, 0.0487024077720335, 0.0461403921827499, 0.0441009982546178, 
0.039938913923431, 0.0338971180150367, 0.0259149704071697, 0.017616556075983, 
0.0101822889718129, 0.00341968131897345, -0.00783393310931018, 
-0.323056402272212, -0.313094922562961, -0.156384842293051, -0.047428817943468, 
0.0552431493338258, 0.0699497829989225, 0.036334059298148, -0.060552025828868, 
-0.0412892467412247, -0.0274419156343833, -0.0207027008175512, 
-0.0156519586483725, -0.0107704452750906, -0.00534197502029221, 
-0.00111489652431218, -0.00164437718618905, 0.0150261706502354, 
0.0356961808776821, 0.0369292157344546, 0.038392646344733, 0.0417500226099415, 
0.0466260628622343, 0.0494475927306263, 0.0609997204056838, 0.0735346126695374, 
0.0848056598175427, 0.0941702129370725, 0.100249038215454, 0.111745061959248, 
0.116840346079268, 0.11850196587781, 0.112090213866012, 0.105164696282479, 
0.0943467914867212, 0.0840016429855771, 0.074858430237518, 0.0703252555103629, 
0.0702920499337175, 0.074962811787706, 0.0830729823106001, 0.0931335340182463, 
0.103508504527001, 0.103671934140822, 0.0980044522773936, 0.0888597562869674, 
0.0804993687813041, 0.0733793408812045, 0.0679667863613705, 0.0601205787663818, 
0.0500816781479072, 0.0378415183947312, 0.026661764131402, 0.0200276867962273, 
-0.0104643997099184, -0.0406042384666673, -0.0729120193644867, 
-0.105439503446683, -0.136973985391158, -0.168190905987012, -0.199827917427367, 
-0.230415130896925, -0.260749021062153, -0.292724530461351, -0.316337100352375, 
-0.0288835127698414, -0.031613705697467, -0.00704700524087193, 
-0.00172189307544582, -0.0300661590614699, 0.0176847261918364, 
0.0396465611252133, -0.000224480800744626, 0.00174089389676382, 
-0.0118422550645289, -0.0257471255563826, -0.0382810615613664, 
-0.0503049160995844, -0.062586337635511, -0.0757461037108892, 
-0.0888531158216407, -0.107542900746456, -0.0908773174792532, 
-0.0746587282146711, -0.0637136276074659, -0.0520424375539192, 
-0.0406817059669651, -0.0308529595832963, -0.0273354116165017, 
-0.0268324391066643, -0.0291221165374785, -0.0311592668894978, 
-0.032453063352578, -0.0296976209596571, -0.0270699732639349, 
-0.0217495845218752, -0.0165047285125788, -0.0087815139651234, 
-0.00593186649738008, -0.00337257578912654, 0.0042524817909924, 
0.0148836980195922, 0.0229644383725725, 0.0327264846979914, 0.0393620394455022, 
0.0401407628479882, 0.0439392310927369, 0.0505526540762463, 0.0511089225989153, 
0.0539290520400323, 0.055690816263406, 0.0552025948606917, 0.0531980995827607, 
0.0477726383415243, 0.042934110329395, 0.0391899872105519, 0.0412451742111452, 
0.0408026459951101, 0.0454210368116512, 0.0540847371903525, 0.0574071235930406, 
0.0554527219245282, 0.0500501628847879, 0.0450614635046458, 0.0387955257986647, 
0.0291244673362483, 0.0195496375732371, 0.0069426464612967, -0.0175600258092535, 
-0.33973555808669, -0.33429088034664, -0.147445785602177, -0.0522025361322688, 
0.0479402952642567, 0.072193840393842, 0.0275495536414321, -0.0623084361202789, 
-0.0434244530469874, -0.0295551870440462, -0.021082904893803, 
-0.013793133805664, -0.00607187013393087, 0.00173034056912633, 
0.00929799571251519, 0.0153944730654493, 0.0184085057105821, 
0.0231721631517761, 0.0390187337471729, 0.0389237419308515, 0.0393755840684206, 
0.0433990460740094, 0.0467554897754666, 0.0572935064691275, 0.0711903647028473, 
0.0841025574871433, 0.0953181073455991, 0.105782015685974, 0.111785459073812, 
0.118419843178552, 0.116224037992121, 0.110448452993965, 0.104257876003869, 
0.093529512957503, 0.0839042566335027, 0.0757382347284496, 0.0709197668411807, 
0.0740886989201888, 0.0797870564035456, 0.0870070497099866, 0.0955867245750747, 
0.107903769141586, 0.109936224531862, 0.101660861816273, 0.0933054600574439, 
0.0819489373341741, 0.0717843357753571, 0.0679931723714837, 0.0602732534240333, 
0.0499020805468527, 0.0385959249390061, 0.0273580624783311, 0.0185257601608743, 
-0.0125625585738026, -0.0434003873900963, -0.0745978877916837, 
-0.105846694612678, -0.136897786569749, -0.167669626800423, -0.198286716359963, 
-0.229035813674008, -0.260238665774503, -0.290523869360978, -0.318760375264249, 
-0.0136600287810478, -0.0179305461386509, -0.00323959839614373, 
0.00248696868227258, -0.0316538553814017, 0.0145569543254519, 
0.036722740864769, 0.00341985204302003, 0.00393364770295242, 
-0.00849089794378484, -0.0208362826183111, -0.0315170515840785, 
-0.0421414833791885, -0.0535288782098071, -0.065697283846542, 
-0.076865715416493, -0.0830551523960052, -0.087752814506902, 
-0.0804623546269952, -0.0622058030853324, -0.0510270737719756, 
-0.0403712395081904, -0.0321178885081716, -0.0257754898995854, 
-0.0236504326767267, -0.0249527803958203, -0.0279690381276045, 
-0.0319140930780417, -0.0320883723949402, -0.0291216961422643, 
-0.0227113752627319, -0.0155728115858111, -0.010252683587819, 
-0.00654531406427709, -0.00173448851573534, 0.00567039976413849, 
0.0155156833277216, 0.0214651680303258, 0.0280827933929575, 0.032516588542771, 
0.0360579414985664, 0.0409077173054805, 0.0520070212213056, 0.0556270165814445, 
0.0523473630098841, 0.0511438335032717, 0.0510521610105205, 0.0508061804561293, 
0.0457294279939655, 0.0413870800253382, 0.0381553129216014, 0.0366733483758503, 
0.0375151948887802, 0.0417170708673594, 0.0477196368135621, 0.0482185858358347, 
0.0452807277371886, 0.0397937396209966, 0.0324662230731556, 0.0243197295999884, 
0.0154053381781687, 0.00762479714021201, 0.00280525387673001, 
-0.00428897438133547), .Dim = c(64L, 2L, 29L)), ID = 1:29, Binom = structure(c(6L, 
13L, 7L, 8L, 9L, 11L, 2L, 4L, 10L, 5L, 3L, 1L, 16L, 21L, 22L, 
25L, 18L, 26L, 12L, 27L, 17L, 14L, 28L, 29L, 24L, 23L, 15L, 19L, 
20L), .Label = c("Amblysomus_corriae", "Amblysomus_hottentotus", 
"Calcochloris_leucorhinus", "Calcochloris_obtusirostris", "Carpitalpa_arendsi", 
"Chlorotalpa_duthieae", "Chrysochloris_asiatica", "Chrysochloris_stuhlmanni", 
"Chrysospalax_trevelyani", "Chrysospalax_villosus", "Cryptochloris_wintoni", 
"Echinops_telfairi", "Eremitalpa_granti", "Geogale_aurita", "Hemicentetes_nigriceps", 
"Hemicentetes_semispinosus", "Limnogale_mergulus", "Microgale_brevicaudata", 
"Microgale_dobsoni", "Microgale_dryas", "Microgale_longicaudata", 
"Microgale_parvula", "Micropotamogale_lamottei", "Micropotamogale_ruwenzorii", 
"Oryzorictes_hova", "Oryzorictes_tetradactylus", "Potamogale_velox", 
"Setifer_setosus", "Tenrec_ecaudatus"), class = "factor")), .Names = c("meanshape", 
"ID", "Binom"))
